,739146,740535,740399,776327,779289,776284,776183,741265,736379,749206,776568,686564,776408,683081,776519,779454,749849,722181,741271,776096,749529,140819,779561,749294,737316,789859,776449,740561,776100,749478,750044,741143,776223,702618,779471,779636,750478,712098,779647,139836,739287,766637,740487,739365,740815,140978,750291,748912,746703,776114,738524,685598,723642,779424,784845,779382,740176,681840,140947,685987,736357,738360,765964,778934,776533,776473,779052,749620,688326,721305,740090,722069,779132,750802,793061,750836,736120,779080,691010,779649,776577,682053,688548,688408,750697,778882,740499,747931,801741,779344,748848,740355,750670,691327,776573,776522,776506,778964,750771,747109,739897,779271,681536,801746,741552,776587,776606,750785,776424,736375,685744,750471,740020,750298,681902,741358,761446,776430,696430,691081,741591,691201,750717,685740,778953,779050,687229,801695,779381,711814,738186,765837,738291,741462,776592,776530,691488,740134,690960,750138,779313,749555,741654,740848,776464,691220,748345,776411,691185,779303,779284,776149,740740,740725,779522,779580,748746,738634,750234,771575,776166,748616,779472,683005,740933,776498,779543,779512,776133,748653,736623,681809,738494,746674,757411,738238,750729,750738,776341,776264,776147,741237,746686,140888,738466,748835,747346,139727,740512,778909,776489,778929,740635,776320,776260,740359,738635,741223,741373,776126,722070,748763,691119,691288,779634
739146,1.0,0.72,0.72,0.55,0.23,0.42,0.4,0.55,0.31,0.4,0.19,0.33,0.52,0.41,0.43,0.22,0.33,0.53,0.76,0.24,0.36,0.4,0.2,0.4,0.52,0.43,0.5,0.23,0.33,0.33,0.36,0.8,0.5,0.21,0.2,0.2,0.22,0.41,0.4,0.21,0.43,0.18,0.52,0.45,0.43,0.22,0.21,0.41,0.33,0.37,0.4,0.42,0.48,0.4,0.32,0.44,0.4,0.33,0.2,0.21,0.33,0.72,0.4,0.21,0.5,0.42,0.2,0.21,0.34,0.53,0.76,0.62,0.36,0.4,0.19,0.45,0.54,0.43,0.33,0.4,0.4,0.33,0.33,0.41,0.42,0.5,0.72,0.21,0.5,0.34,0.51,0.38,0.52,0.28,0.46,0.4,0.38,0.5,0.21,0.41,0.7,0.21,0.33,0.22,0.52,0.43,0.21,0.45,0.4,0.31,0.41,0.41,0.33,0.45,0.38,0.53,0.6,0.4,0.21,0.41,0.38,0.36,0.4,0.33,0.53,0.2,0.35,0.53,0.43,0.36,0.45,0.21,0.68,0.43,0.19,0.38,0.42,0.91,0.41,0.41,0.48,0.36,0.54,0.76,0.19,0.4,0.23,0.52,0.41,0.22,0.21,0.4,0.8,0.43,0.43,0.44,0.41,0.54,0.21,0.27,0.33,0.41,0.22,0.33,0.54,0.43,0.52,0.41,0.33,0.28,0.4,0.41,0.74,0.45,0.5,0.33,0.21,0.36,0.23,0.21,0.6,0.72,0.41,0.65,0.35,0.36,0.41,0.22,0.72,0.42,0.21,0.21,0.52,0.43,0.65,0.41,0.41,0.67,0.57,0.51,0.48,0.41,0.33,0.33,0.4
740535,0.72,1.0,1.0,0.64,0.26,0.44,0.39,0.63,0.41,0.48,0.21,0.37,0.62,0.47,0.44,0.23,0.37,0.59,0.91,0.22,0.4,0.45,0.21,0.48,0.7,0.57,0.59,0.34,0.33,0.36,0.4,0.99,0.57,0.24,0.21,0.21,0.24,0.46,0.46,0.21,0.55,0.17,0.7,0.57,0.55,0.23,0.24,0.47,0.37,0.36,0.53,0.47,0.65,0.43,0.42,0.46,0.53,0.37,0.21,0.24,0.44,0.54,0.45,0.21,0.57,0.45,0.21,0.24,0.35,0.59,0.8,0.71,0.36,0.48,0.21,0.49,0.72,0.44,0.32,0.43,0.48,0.36,0.37,0.48,0.45,0.54,1.0,0.24,0.68,0.34,0.57,0.49,0.58,0.32,0.48,0.48,0.35,0.59,0.21,0.46,0.61,0.23,0.36,0.33,0.7,0.45,0.22,0.49,0.45,0.41,0.46,0.46,0.41,0.49,0.46,0.61,0.73,0.48,0.24,0.46,0.49,0.39,0.48,0.34,0.59,0.21,0.4,0.62,0.44,0.36,0.61,0.24,0.92,0.55,0.21,0.39,0.47,0.81,0.46,0.47,0.56,0.4,0.57,0.8,0.22,0.48,0.24,0.6,0.46,0.23,0.21,0.39,0.99,0.55,0.47,0.46,0.46,0.72,0.24,0.31,0.32,0.46,0.26,0.37,0.72,0.5,0.61,0.44,0.33,0.32,0.53,0.46,0.79,0.49,0.57,0.41,0.24,0.4,0.25,0.22,0.73,1.0,0.46,0.61,0.47,0.4,0.47,0.21,1.0,0.49,0.22,0.23,0.7,0.48,0.67,0.56,0.55,0.77,0.79,0.57,0.65,0.47,0.37,0.33,0.43
740399,0.72,1.0,1.0,0.64,0.26,0.44,0.39,0.63,0.41,0.48,0.21,0.37,0.62,0.47,0.44,0.23,0.37,0.59,0.91,0.22,0.4,0.45,0.21,0.48,0.7,0.57,0.59,0.34,0.33,0.36,0.4,0.99,0.57,0.24,0.21,0.21,0.24,0.46,0.46,0.21,0.55,0.17,0.7,0.57,0.55,0.23,0.24,0.47,0.37,0.36,0.53,0.47,0.65,0.43,0.42,0.46,0.53,0.37,0.21,0.24,0.44,0.54,0.45,0.21,0.57,0.45,0.21,0.24,0.35,0.59,0.8,0.71,0.36,0.48,0.21,0.49,0.72,0.44,0.32,0.43,0.48,0.36,0.37,0.48,0.45,0.54,1.0,0.24,0.68,0.34,0.57,0.49,0.58,0.32,0.48,0.48,0.35,0.59,0.21,0.46,0.61,0.23,0.36,0.33,0.7,0.45,0.22,0.49,0.45,0.41,0.46,0.46,0.41,0.49,0.46,0.61,0.73,0.48,0.24,0.46,0.49,0.39,0.48,0.34,0.59,0.21,0.4,0.62,0.44,0.36,0.61,0.24,0.92,0.55,0.21,0.39,0.47,0.81,0.46,0.47,0.56,0.4,0.57,0.8,0.22,0.48,0.24,0.6,0.46,0.23,0.21,0.39,0.99,0.55,0.47,0.46,0.46,0.72,0.24,0.31,0.32,0.46,0.26,0.37,0.72,0.5,0.61,0.44,0.33,0.32,0.53,0.46,0.79,0.49,0.57,0.41,0.24,0.4,0.25,0.22,0.73,1.0,0.46,0.61,0.47,0.4,0.47,0.21,1.0,0.49,0.22,0.23,0.7,0.48,0.67,0.56,0.55,0.77,0.79,0.57,0.65,0.47,0.37,0.33,0.43
776327,0.55,0.64,0.64,1.0,0.21,0.3,0.32,0.36,0.22,0.28,0.2,0.22,0.87,0.27,0.43,0.18,0.22,0.37,0.31,0.24,0.22,0.28,0.17,0.28,0.29,0.23,0.48,0.16,0.26,0.22,0.22,0.3,0.53,0.15,0.17,0.17,0.15,0.27,0.31,0.13,0.24,0.13,0.29,0.28,0.24,0.16,0.15,0.27,0.21,0.3,0.29,0.39,0.33,0.3,0.22,0.31,0.29,0.22,0.16,0.15,0.19,0.36,0.31,0.18,0.49,0.36,0.16,0.15,0.21,0.37,0.35,0.4,0.24,0.27,0.14,0.28,0.29,0.3,0.2,0.29,0.36,0.22,0.21,0.27,0.26,0.39,0.31,0.15,0.32,0.25,0.31,0.2,0.31,0.2,0.39,0.36,0.42,0.38,0.16,0.27,0.33,0.18,0.21,0.16,0.29,0.36,0.29,0.28,0.31,0.22,0.27,0.27,0.19,0.28,0.32,0.41,0.64,0.36,0.15,0.27,0.2,0.22,0.27,0.24,0.37,0.16,0.22,0.28,0.34,0.41,0.25,0.15,0.31,0.23,0.21,0.44,0.39,0.31,0.27,0.27,0.37,0.22,0.29,0.37,0.2,0.28,0.14,0.3,0.27,0.18,0.15,0.32,0.3,0.23,0.29,0.31,0.27,0.29,0.15,0.2,0.28,0.27,0.2,0.22,0.3,0.34,0.36,0.29,0.26,0.2,0.29,0.27,0.39,0.28,0.34,0.2,0.15,0.22,0.21,0.23,0.64,0.31,0.27,0.47,0.19,0.22,0.27,0.16,0.31,0.32,0.23,0.18,0.29,0.33,0.67,0.24,0.23,0.29,0.34,0.29,0.33,0.27,0.22,0.22,0.3
779289,0.23,0.26,0.26,0.21,1.0,0.16,0.23,0.26,0.21,0.19,0.33,0.19,0.46,0.21,0.19,0.58,0.19,0.25,0.28,0.23,0.19,0.25,0.28,0.19,0.25,0.25,0.16,0.21,0.21,0.21,0.19,0.26,0.23,0.19,0.28,0.28,0.23,0.19,0.28,0.33,0.25,0.18,0.25,0.18,0.25,0.33,0.19,0.19,0.19,0.25,0.23,0.21,0.21,0.28,0.3,0.28,0.23,0.19,0.25,0.19,0.23,0.18,0.18,0.4,0.26,0.23,0.35,0.19,0.19,0.25,0.28,0.23,0.16,0.19,0.18,0.18,0.25,0.28,0.18,0.28,0.23,0.21,0.19,0.23,0.18,0.25,0.26,0.19,0.25,0.28,0.19,0.18,0.19,0.21,0.37,0.23,0.18,0.25,0.26,0.19,0.19,0.44,0.21,0.23,0.25,0.25,0.42,0.18,0.18,0.21,0.19,0.19,0.21,0.18,0.26,0.21,0.28,0.23,0.19,0.19,0.18,0.21,0.19,0.26,0.25,0.35,0.21,0.26,0.35,0.21,0.28,0.19,0.18,0.18,0.26,0.23,0.21,0.21,0.19,0.19,0.28,0.19,0.25,0.28,0.35,0.19,0.23,0.21,0.19,0.58,0.49,0.23,0.26,0.18,0.37,0.28,0.23,0.25,0.19,0.23,0.18,0.19,0.79,0.23,0.25,0.19,0.25,0.37,0.21,0.21,0.23,0.21,0.3,0.18,0.23,0.25,0.19,0.19,0.21,0.19,0.28,0.26,0.19,0.23,0.23,0.19,0.21,0.23,0.26,0.28,0.19,0.44,0.25,0.18,0.23,0.28,0.25,0.32,0.23,0.16,0.21,0.19,0.21,0.25,0.28
776284,0.42,0.44,0.44,0.3,0.16,1.0,0.38,0.36,0.21,0.39,0.29,0.24,0.56,0.39,0.72,0.16,0.24,0.39,0.29,0.24,0.24,0.42,0.21,0.39,0.29,0.27,0.48,0.14,0.37,0.23,0.24,0.29,0.7,0.21,0.21,0.21,0.21,0.39,0.35,0.19,0.29,0.24,0.29,0.36,0.29,0.22,0.21,0.39,0.24,0.29,0.28,0.4,0.33,0.35,0.3,0.44,0.28,0.24,0.22,0.21,0.18,0.31,0.48,0.17,0.66,0.69,0.21,0.21,0.24,0.39,0.35,0.33,0.3,0.39,0.2,0.41,0.29,0.45,0.31,0.35,0.5,0.23,0.24,0.38,0.41,0.4,0.29,0.21,0.31,0.21,0.43,0.18,0.43,0.3,0.36,0.5,0.24,0.34,0.22,0.39,0.35,0.16,0.24,0.12,0.29,0.71,0.17,0.41,0.52,0.21,0.39,0.39,0.17,0.41,0.36,0.31,0.38,0.5,0.21,0.39,0.18,0.23,0.39,0.28,0.39,0.21,0.23,0.3,0.45,0.27,0.29,0.21,0.29,0.2,0.17,0.32,0.4,0.29,0.39,0.39,0.37,0.24,0.31,0.41,0.19,0.39,0.22,0.3,0.39,0.16,0.22,0.38,0.29,0.2,0.41,0.44,0.39,0.29,0.21,0.28,0.38,0.39,0.13,0.23,0.29,0.42,0.39,0.36,0.37,0.3,0.28,0.39,0.34,0.41,0.43,0.17,0.21,0.24,0.23,0.22,0.38,0.29,0.39,0.49,0.18,0.24,0.39,0.3,0.29,0.38,0.22,0.16,0.29,0.6,0.49,0.27,0.27,0.31,0.3,0.57,0.33,0.39,0.24,0.24,0.35
776183,0.4,0.39,0.39,0.32,0.23,0.38,1.0,0.27,0.31,0.27,0.25,0.27,0.42,0.27,0.62,0.26,0.27,0.31,0.27,0.3,0.28,0.28,0.24,0.27,0.27,0.25,0.34,0.25,0.35,0.27,0.28,0.27,0.46,0.23,0.24,0.24,0.24,0.27,0.31,0.2,0.28,0.17,0.27,0.32,0.28,0.24,0.23,0.27,0.27,0.38,0.27,0.3,0.27,0.29,0.25,0.29,0.27,0.27,0.24,0.23,0.25,0.27,0.32,0.26,0.43,0.42,0.16,0.23,0.27,0.31,0.27,0.28,0.3,0.27,0.22,0.28,0.26,0.3,0.25,0.29,0.39,0.27,0.27,0.3,0.26,0.3,0.27,0.23,0.28,0.3,0.28,0.26,0.28,0.24,0.29,0.39,0.34,0.31,0.23,0.27,0.28,0.25,0.27,0.24,0.27,0.41,0.31,0.28,0.32,0.31,0.27,0.27,0.25,0.28,0.32,0.28,0.35,0.39,0.23,0.27,0.26,0.28,0.27,0.26,0.31,0.16,0.28,0.27,0.3,0.34,0.27,0.23,0.27,0.3,0.2,0.45,0.3,0.25,0.27,0.27,0.26,0.28,0.28,0.31,0.28,0.27,0.24,0.25,0.27,0.26,0.2,1.0,0.27,0.3,0.33,0.29,0.27,0.26,0.23,0.2,0.32,0.27,0.27,0.27,0.27,0.35,0.31,0.26,0.35,0.24,0.27,0.27,0.28,0.28,0.27,0.28,0.23,0.28,0.26,0.29,0.35,0.27,0.27,0.34,0.28,0.28,0.27,0.24,0.27,0.33,0.29,0.25,0.27,0.39,0.48,0.27,0.26,0.27,0.29,0.37,0.27,0.27,0.27,0.27,0.29
741265,0.55,0.63,0.63,0.36,0.26,0.36,0.27,1.0,0.29,0.44,0.21,0.32,0.59,0.52,0.44,0.22,0.32,0.59,0.6,0.24,0.34,0.42,0.2,0.44,0.56,0.41,0.55,0.23,0.29,0.31,0.34,0.53,0.54,0.24,0.2,0.2,0.24,0.45,0.39,0.24,0.45,0.18,0.55,0.44,0.45,0.26,0.24,0.52,0.32,0.32,0.45,0.48,0.42,0.39,0.38,0.44,0.45,0.32,0.22,0.24,0.3,0.55,0.39,0.23,0.52,0.45,0.22,0.24,0.4,0.59,0.64,0.6,0.34,0.51,0.2,0.49,0.53,0.42,0.36,0.39,0.41,0.31,0.39,0.45,0.45,0.62,0.53,0.24,0.56,0.29,0.52,0.32,0.52,0.31,0.47,0.41,0.34,0.55,0.24,0.45,0.55,0.2,0.32,0.22,0.56,0.46,0.23,0.49,0.39,0.29,0.45,0.45,0.32,0.49,0.46,0.61,0.6,0.41,0.24,0.45,0.32,0.33,0.51,0.32,0.59,0.22,0.34,0.46,0.42,0.36,0.47,0.24,0.49,0.35,0.23,0.34,0.48,0.53,0.45,0.52,0.55,0.41,0.58,0.64,0.2,0.44,0.27,0.4,0.45,0.22,0.2,0.34,0.53,0.35,0.42,0.44,0.44,0.55,0.24,0.27,0.31,0.5,0.24,0.37,0.63,0.42,0.56,0.47,0.29,0.29,0.45,0.45,0.74,0.49,0.45,0.3,0.24,0.34,0.22,0.22,0.6,0.53,0.45,0.61,0.32,0.34,0.52,0.24,0.53,0.43,0.22,0.2,0.55,0.45,0.6,0.42,0.42,0.58,0.46,0.41,0.42,0.52,0.32,0.34,0.39
736379,0.31,0.41,0.41,0.22,0.21,0.21,0.31,0.29,1.0,0.43,0.31,0.43,0.42,0.42,0.38,0.28,0.43,0.37,0.46,0.32,0.43,0.37,0.29,0.43,0.45,0.45,0.43,0.43,0.37,0.48,0.43,0.46,0.4,0.31,0.29,0.29,0.31,0.42,0.35,0.26,0.42,0.25,0.45,0.68,0.42,0.32,0.31,0.42,0.43,0.38,0.45,0.46,0.83,0.34,0.38,0.34,0.45,0.43,0.28,0.31,0.45,0.34,0.35,0.29,0.43,0.4,0.29,0.31,0.42,0.37,0.48,0.83,0.4,0.43,0.25,0.4,0.46,0.34,0.37,0.34,0.4,0.48,0.43,0.46,0.38,0.38,0.46,0.31,0.49,0.37,0.43,0.46,0.43,0.31,0.35,0.4,0.37,0.4,0.29,0.42,0.34,0.29,0.46,0.42,0.45,0.38,0.32,0.4,0.34,1.0,0.42,0.42,0.4,0.4,0.48,0.32,0.46,0.4,0.31,0.42,0.46,0.48,0.43,0.43,0.37,0.29,0.46,0.49,0.32,0.46,0.46,0.31,0.45,0.49,0.29,0.43,0.46,0.31,0.42,0.42,0.37,0.43,0.46,0.71,0.34,0.43,0.31,0.32,0.42,0.28,0.26,0.45,0.46,0.49,0.43,0.34,0.42,0.46,0.31,0.25,0.34,0.42,0.34,0.49,0.45,0.38,0.38,0.35,0.37,0.31,0.45,0.42,0.46,0.4,0.43,0.4,0.31,0.43,0.34,0.29,0.46,0.46,0.42,0.43,0.46,0.43,0.42,0.28,0.46,0.4,0.29,0.29,0.45,0.42,0.45,0.48,0.45,0.49,0.49,0.42,0.83,0.42,0.46,0.42,0.34
749206,0.4,0.48,0.48,0.28,0.19,0.39,0.27,0.44,0.43,1.0,0.29,0.59,0.51,0.83,0.49,0.24,0.66,0.5,0.43,0.2,0.65,0.59,0.24,1.0,0.41,0.39,0.57,0.22,0.33,0.59,0.65,0.43,0.56,0.44,0.24,0.24,0.44,0.98,0.45,0.27,0.44,0.21,0.41,0.52,0.44,0.34,0.43,0.95,0.65,0.29,0.4,0.59,0.49,0.45,0.49,0.49,0.4,0.66,0.27,0.43,0.27,0.43,0.55,0.21,0.51,0.57,0.22,0.43,0.61,0.5,0.52,0.49,0.34,0.98,0.37,0.83,0.41,0.49,0.5,0.45,0.55,0.59,0.63,0.79,0.82,0.5,0.44,0.43,0.46,0.28,0.78,0.28,0.78,0.44,0.49,0.55,0.32,0.49,0.39,0.98,0.41,0.22,0.6,0.22,0.41,0.57,0.23,0.83,0.52,0.34,0.98,0.98,0.26,0.83,0.79,0.49,0.5,0.55,0.44,0.98,0.28,0.57,0.98,0.48,0.5,0.22,0.54,0.46,0.49,0.35,0.43,0.44,0.43,0.3,0.22,0.3,0.59,0.39,0.98,0.95,0.49,0.62,0.48,0.54,0.29,1.0,0.44,0.4,0.98,0.24,0.22,0.32,0.43,0.3,0.62,0.49,0.89,0.41,0.43,0.33,0.33,0.96,0.26,0.63,0.41,0.49,0.5,0.45,0.33,0.44,0.4,0.85,0.46,0.83,0.73,0.28,0.43,0.65,0.26,0.2,0.5,0.44,0.98,0.55,0.28,0.65,0.83,0.27,0.44,0.46,0.2,0.22,0.41,0.55,0.5,0.43,0.39,0.48,0.46,0.48,0.49,0.95,0.61,0.52,0.45
776568,0.19,0.21,0.21,0.2,0.33,0.29,0.25,0.21,0.31,0.29,1.0,0.19,0.27,0.16,0.55,0.24,0.19,0.22,0.15,0.31,0.19,0.19,0.22,0.19,0.15,0.15,0.43,0.15,0.18,0.16,0.19,0.15,0.27,0.21,0.22,0.22,0.25,0.18,0.25,0.28,0.15,0.18,0.15,0.15,0.15,0.36,0.21,0.16,0.18,0.33,0.18,0.19,0.16,0.22,0.21,0.22,0.18,0.19,0.37,0.21,0.13,0.15,0.28,0.24,0.52,0.57,0.25,0.21,0.16,0.22,0.21,0.22,0.18,0.18,0.19,0.16,0.15,0.24,0.15,0.22,0.31,0.18,0.18,0.15,0.15,0.18,0.15,0.21,0.19,0.16,0.19,0.15,0.19,0.19,0.46,0.31,0.18,0.18,0.24,0.18,0.13,0.24,0.18,0.16,0.15,0.4,0.36,0.16,0.3,0.16,0.18,0.18,0.13,0.16,0.19,0.18,0.3,0.31,0.21,0.18,0.15,0.18,0.18,0.18,0.22,0.25,0.15,0.25,0.16,0.18,0.15,0.21,0.15,0.15,0.28,0.18,0.19,0.12,0.18,0.16,0.18,0.18,0.21,0.21,0.48,0.19,0.21,0.27,0.18,0.24,0.19,0.18,0.15,0.15,0.27,0.22,0.19,0.15,0.21,0.18,0.3,0.18,0.22,0.16,0.15,0.28,0.24,0.25,0.18,0.21,0.18,0.18,0.24,0.16,0.25,0.19,0.21,0.19,0.36,0.33,0.3,0.15,0.18,0.37,0.15,0.19,0.16,0.52,0.15,0.18,0.33,0.24,0.15,0.33,0.48,0.15,0.15,0.22,0.18,0.3,0.16,0.16,0.18,0.24,0.22
686564,0.33,0.37,0.37,0.22,0.19,0.24,0.27,0.32,0.43,0.59,0.19,1.0,0.5,0.8,0.46,0.37,0.87,0.46,0.43,0.26,0.87,0.56,0.31,0.87,0.41,0.39,0.57,0.33,0.48,0.76,0.87,0.44,0.54,0.69,0.31,0.31,0.67,0.83,0.43,0.41,0.44,0.3,0.41,0.5,0.44,0.52,0.67,0.8,0.85,0.44,0.39,0.65,0.48,0.43,0.54,0.46,0.39,0.87,0.41,0.67,0.41,0.43,0.54,0.35,0.48,0.57,0.33,0.67,0.8,0.46,0.54,0.5,0.52,0.83,0.46,0.65,0.41,0.46,0.63,0.43,0.52,0.76,0.83,0.74,0.59,0.46,0.46,0.67,0.48,0.43,0.87,0.43,0.87,0.63,0.5,0.52,0.48,0.46,0.46,0.83,0.41,0.35,0.78,0.33,0.41,0.56,0.35,0.65,0.5,0.52,0.83,0.83,0.39,0.65,0.76,0.5,0.48,0.52,0.69,0.83,0.43,0.76,0.83,0.7,0.46,0.33,0.78,0.46,0.46,0.54,0.43,0.69,0.44,0.46,0.31,0.46,0.65,0.41,0.83,0.8,0.44,0.83,0.5,0.56,0.44,0.87,0.69,0.41,0.83,0.37,0.33,0.46,0.44,0.46,0.61,0.46,0.7,0.41,0.67,0.33,0.48,0.81,0.39,0.83,0.41,0.48,0.46,0.44,0.48,0.69,0.39,0.83,0.54,0.65,0.78,0.43,0.67,0.87,0.35,0.26,0.48,0.46,0.83,0.5,0.43,0.87,0.8,0.41,0.46,0.43,0.26,0.35,0.41,0.54,0.52,0.43,0.39,0.5,0.46,0.44,0.48,0.8,0.8,0.67,0.43
776408,0.52,0.62,0.62,0.87,0.46,0.56,0.42,0.59,0.42,0.51,0.27,0.5,1.0,0.26,0.48,0.17,0.21,0.36,0.29,0.19,0.21,0.27,0.17,0.27,0.28,0.22,0.46,0.16,0.24,0.21,0.21,0.28,0.58,0.15,0.17,0.17,0.15,0.27,0.29,0.12,0.23,0.13,0.28,0.27,0.23,0.16,0.15,0.26,0.21,0.27,0.28,0.35,0.32,0.29,0.2,0.29,0.28,0.21,0.15,0.15,0.18,0.33,0.3,0.17,0.51,0.41,0.14,0.15,0.2,0.36,0.34,0.4,0.24,0.27,0.14,0.27,0.28,0.29,0.2,0.28,0.33,0.21,0.21,0.26,0.25,0.39,0.29,0.15,0.31,0.24,0.3,0.19,0.3,0.2,0.37,0.33,0.4,0.37,0.16,0.27,0.3,0.17,0.2,0.16,0.28,0.42,0.27,0.27,0.29,0.21,0.27,0.27,0.18,0.27,0.31,0.39,0.61,0.33,0.15,0.27,0.19,0.22,0.27,0.22,0.36,0.14,0.22,0.27,0.32,0.38,0.23,0.15,0.29,0.23,0.23,0.5,0.35,0.29,0.27,0.26,0.36,0.21,0.27,0.37,0.19,0.27,0.14,0.3,0.27,0.17,0.14,0.35,0.28,0.23,0.28,0.29,0.27,0.28,0.15,0.19,0.26,0.27,0.19,0.22,0.28,0.32,0.36,0.3,0.24,0.2,0.28,0.27,0.38,0.27,0.33,0.19,0.15,0.21,0.17,0.21,0.61,0.29,0.27,0.45,0.18,0.21,0.26,0.15,0.29,0.3,0.21,0.17,0.28,0.34,0.82,0.23,0.22,0.28,0.34,0.32,0.32,0.26,0.21,0.21,0.29
683081,0.41,0.47,0.47,0.27,0.21,0.39,0.27,0.52,0.42,0.83,0.16,0.8,0.26,1.0,0.48,0.24,0.54,0.49,0.43,0.2,0.53,0.54,0.22,0.82,0.42,0.4,0.57,0.22,0.33,0.51,0.53,0.42,0.54,0.34,0.22,0.22,0.37,0.83,0.45,0.24,0.43,0.2,0.42,0.52,0.43,0.28,0.3,0.93,0.54,0.3,0.41,0.57,0.47,0.45,0.46,0.48,0.41,0.54,0.25,0.3,0.28,0.42,0.53,0.22,0.51,0.54,0.22,0.3,0.65,0.49,0.51,0.47,0.35,0.92,0.28,0.7,0.42,0.48,0.42,0.45,0.53,0.51,0.64,0.86,0.67,0.51,0.42,0.3,0.48,0.27,0.66,0.28,0.66,0.46,0.46,0.53,0.3,0.48,0.31,0.83,0.42,0.22,0.52,0.22,0.42,0.57,0.2,0.7,0.51,0.33,0.83,0.83,0.27,0.7,0.73,0.46,0.46,0.53,0.34,0.83,0.28,0.49,0.92,0.41,0.49,0.22,0.47,0.46,0.48,0.36,0.45,0.34,0.42,0.3,0.2,0.29,0.57,0.4,0.83,0.93,0.49,0.63,0.46,0.52,0.27,0.82,0.39,0.4,0.83,0.24,0.23,0.33,0.42,0.3,0.65,0.48,0.75,0.42,0.3,0.33,0.33,0.89,0.24,0.6,0.42,0.47,0.49,0.45,0.33,0.39,0.41,0.9,0.45,0.7,0.69,0.27,0.3,0.53,0.25,0.19,0.46,0.42,0.83,0.53,0.3,0.53,1.0,0.27,0.42,0.46,0.19,0.22,0.42,0.53,0.48,0.45,0.4,0.46,0.45,0.47,0.47,0.93,0.52,0.45,0.45
776519,0.43,0.44,0.44,0.43,0.19,0.72,0.62,0.44,0.38,0.49,0.55,0.46,0.48,0.48,1.0,0.13,0.18,0.39,0.24,0.22,0.18,0.32,0.15,0.29,0.24,0.22,0.48,0.14,0.3,0.17,0.18,0.24,0.7,0.17,0.15,0.15,0.18,0.29,0.36,0.18,0.24,0.18,0.24,0.28,0.24,0.21,0.17,0.29,0.18,0.31,0.27,0.35,0.28,0.38,0.25,0.42,0.27,0.18,0.21,0.17,0.15,0.27,0.4,0.15,0.67,0.65,0.19,0.17,0.18,0.39,0.26,0.28,0.26,0.29,0.15,0.32,0.24,0.44,0.24,0.36,0.38,0.17,0.18,0.28,0.31,0.33,0.24,0.17,0.24,0.21,0.32,0.15,0.32,0.25,0.32,0.38,0.22,0.28,0.2,0.29,0.28,0.13,0.18,0.13,0.24,0.6,0.26,0.32,0.43,0.18,0.29,0.29,0.14,0.32,0.26,0.27,0.34,0.38,0.17,0.29,0.15,0.17,0.29,0.21,0.39,0.19,0.18,0.24,0.44,0.24,0.24,0.17,0.24,0.18,0.26,0.28,0.35,0.25,0.29,0.29,0.29,0.18,0.26,0.3,0.23,0.29,0.18,0.27,0.29,0.13,0.17,0.46,0.24,0.18,0.31,0.42,0.31,0.24,0.17,0.24,0.35,0.29,0.12,0.18,0.24,0.35,0.33,0.34,0.3,0.25,0.27,0.29,0.33,0.32,0.32,0.14,0.17,0.18,0.21,0.24,0.34,0.24,0.29,0.37,0.15,0.18,0.29,0.26,0.24,0.4,0.24,0.13,0.24,0.48,0.55,0.22,0.22,0.26,0.31,0.47,0.28,0.29,0.18,0.21,0.38
779454,0.22,0.23,0.23,0.18,0.58,0.16,0.26,0.22,0.28,0.24,0.24,0.37,0.17,0.24,0.13,1.0,0.23,0.44,0.31,0.31,0.23,0.25,0.42,0.23,0.27,0.27,0.21,0.21,0.27,0.23,0.23,0.29,0.25,0.25,0.42,0.42,0.25,0.25,0.4,0.27,0.29,0.23,0.27,0.23,0.29,0.25,0.25,0.25,0.23,0.29,0.23,0.23,0.23,0.4,0.29,0.4,0.23,0.23,0.27,0.25,0.23,0.17,0.25,0.56,0.33,0.27,0.6,0.25,0.25,0.44,0.33,0.23,0.21,0.23,0.23,0.21,0.27,0.4,0.21,0.4,0.29,0.23,0.23,0.31,0.19,0.44,0.29,0.25,0.27,0.4,0.23,0.19,0.23,0.25,0.27,0.29,0.21,0.27,0.25,0.25,0.23,0.58,0.23,0.21,0.27,0.29,0.38,0.21,0.25,0.23,0.25,0.25,0.23,0.21,0.31,0.21,0.33,0.29,0.25,0.25,0.19,0.23,0.23,0.27,0.44,0.6,0.23,0.33,0.4,0.23,0.27,0.25,0.27,0.21,0.19,0.29,0.23,0.25,0.25,0.25,0.44,0.23,0.29,0.33,0.38,0.23,0.31,0.25,0.25,1.0,0.65,0.29,0.29,0.21,0.44,0.4,0.25,0.27,0.25,0.21,0.25,0.25,0.67,0.23,0.27,0.25,0.33,0.65,0.27,0.25,0.23,0.25,0.31,0.21,0.25,0.25,0.25,0.23,0.27,0.27,0.33,0.29,0.25,0.27,0.23,0.23,0.25,0.33,0.29,0.4,0.27,0.58,0.27,0.21,0.33,0.27,0.27,0.33,0.25,0.17,0.23,0.25,0.23,0.27,0.4
749849,0.33,0.37,0.37,0.22,0.19,0.24,0.27,0.32,0.43,0.66,0.19,0.87,0.21,0.54,0.18,0.23,1.0,0.46,0.43,0.26,0.98,0.56,0.31,1.0,0.41,0.39,0.57,0.33,0.48,0.89,0.98,0.44,0.54,0.67,0.31,0.31,0.67,0.96,0.43,0.41,0.44,0.3,0.41,0.5,0.44,0.52,0.65,0.93,0.98,0.44,0.39,0.63,0.48,0.43,0.54,0.46,0.39,1.0,0.41,0.65,0.41,0.43,0.54,0.35,0.48,0.57,0.33,0.65,0.93,0.46,0.54,0.5,0.52,0.96,0.44,0.76,0.41,0.46,0.76,0.43,0.52,0.89,0.96,0.78,0.72,0.46,0.46,0.65,0.48,0.43,0.98,0.43,0.98,0.61,0.5,0.52,0.48,0.46,0.46,0.96,0.41,0.35,0.91,0.33,0.41,0.56,0.35,0.76,0.5,0.52,0.96,0.96,0.39,0.76,0.8,0.5,0.5,0.52,0.67,0.96,0.43,0.87,0.96,0.69,0.46,0.33,0.81,0.46,0.46,0.54,0.43,0.67,0.44,0.46,0.33,0.46,0.63,0.41,0.96,0.93,0.44,0.94,0.5,0.56,0.44,1.0,0.67,0.41,0.96,0.37,0.33,0.46,0.44,0.46,0.59,0.46,0.83,0.41,0.65,0.33,0.48,0.94,0.39,0.96,0.41,0.48,0.46,0.44,0.48,0.67,0.39,0.87,0.54,0.76,0.78,0.43,0.65,0.98,0.35,0.26,0.5,0.46,0.96,0.52,0.43,0.98,0.83,0.41,0.46,0.43,0.26,0.35,0.41,0.54,0.52,0.43,0.39,0.5,0.46,0.44,0.48,0.93,0.93,0.8,0.43
722181,0.53,0.59,0.59,0.37,0.25,0.39,0.31,0.59,0.37,0.5,0.22,0.46,0.36,0.49,0.39,0.44,0.46,1.0,0.44,0.24,0.29,0.4,0.31,0.4,0.43,0.33,0.54,0.21,0.34,0.28,0.29,0.44,0.59,0.2,0.31,0.31,0.23,0.4,0.63,0.19,0.35,0.19,0.43,0.36,0.35,0.24,0.19,0.4,0.29,0.32,0.34,0.41,0.46,0.63,0.29,0.58,0.34,0.28,0.21,0.19,0.25,0.48,0.46,0.23,0.54,0.46,0.36,0.19,0.28,1.0,0.46,0.48,0.43,0.4,0.16,0.42,0.43,0.72,0.3,0.62,0.47,0.28,0.28,0.41,0.46,0.74,0.44,0.19,0.37,0.4,0.49,0.26,0.49,0.26,0.43,0.47,0.32,0.51,0.24,0.4,0.46,0.26,0.28,0.2,0.43,0.45,0.22,0.42,0.46,0.26,0.4,0.4,0.24,0.42,0.42,0.5,0.54,0.47,0.2,0.4,0.26,0.29,0.4,0.29,1.0,0.36,0.31,0.41,0.69,0.32,0.35,0.2,0.44,0.29,0.21,0.31,0.41,0.44,0.4,0.4,0.73,0.29,0.45,0.46,0.22,0.4,0.19,0.43,0.4,0.28,0.25,0.34,0.44,0.29,0.47,0.58,0.4,0.43,0.19,0.25,0.32,0.4,0.25,0.28,0.44,0.39,0.81,0.54,0.34,0.26,0.34,0.4,0.5,0.42,0.49,0.25,0.19,0.29,0.22,0.22,0.54,0.44,0.4,0.57,0.26,0.29,0.4,0.22,0.44,0.65,0.22,0.26,0.43,0.41,0.55,0.33,0.33,0.46,0.48,0.38,0.46,0.4,0.28,0.32,0.63
741271,0.76,0.91,0.91,0.31,0.28,0.29,0.27,0.6,0.46,0.43,0.15,0.43,0.29,0.43,0.24,0.31,0.43,0.44,1.0,0.23,0.39,0.44,0.2,0.46,0.71,0.55,0.53,0.29,0.34,0.36,0.39,0.89,0.55,0.22,0.2,0.2,0.22,0.47,0.44,0.21,0.56,0.17,0.7,0.54,0.56,0.22,0.22,0.47,0.36,0.4,0.52,0.47,0.61,0.42,0.37,0.44,0.52,0.36,0.21,0.22,0.45,0.57,0.43,0.21,0.55,0.44,0.2,0.22,0.37,0.57,0.83,0.77,0.38,0.46,0.19,0.47,0.67,0.43,0.34,0.42,0.47,0.36,0.36,0.49,0.45,0.55,0.81,0.22,0.67,0.35,0.55,0.46,0.55,0.29,0.46,0.47,0.37,0.56,0.2,0.47,0.6,0.22,0.36,0.29,0.71,0.45,0.2,0.47,0.43,0.4,0.47,0.47,0.43,0.47,0.47,0.6,0.67,0.47,0.22,0.47,0.46,0.39,0.46,0.35,0.57,0.2,0.41,0.67,0.43,0.39,0.57,0.22,0.81,0.53,0.2,0.39,0.47,0.85,0.47,0.47,0.56,0.39,0.57,0.83,0.2,0.46,0.23,0.57,0.47,0.22,0.21,0.41,0.89,0.53,0.48,0.44,0.46,0.68,0.22,0.29,0.33,0.47,0.23,0.36,0.71,0.49,0.57,0.44,0.34,0.29,0.52,0.47,0.74,0.47,0.54,0.4,0.22,0.39,0.24,0.22,0.67,0.81,0.47,0.68,0.47,0.39,0.47,0.21,0.81,0.47,0.22,0.22,0.7,0.47,0.71,0.55,0.56,0.7,0.64,0.54,0.61,0.47,0.36,0.34,0.42
776096,0.24,0.22,0.22,0.24,0.23,0.24,0.3,0.24,0.32,0.2,0.31,0.26,0.19,0.2,0.22,0.31,0.26,0.24,0.23,1.0,0.15,0.16,0.24,0.2,0.22,0.22,0.29,0.24,0.25,0.16,0.15,0.22,0.36,0.2,0.24,0.24,0.22,0.22,0.31,0.33,0.22,0.18,0.22,0.25,0.22,0.33,0.2,0.22,0.16,0.36,0.22,0.22,0.22,0.27,0.24,0.27,0.22,0.15,0.29,0.2,0.22,0.22,0.33,0.29,0.36,0.31,0.24,0.2,0.16,0.29,0.22,0.22,0.2,0.2,0.18,0.24,0.22,0.27,0.2,0.27,0.47,0.16,0.15,0.25,0.25,0.29,0.2,0.2,0.24,0.16,0.25,0.18,0.25,0.2,0.29,0.47,0.25,0.22,0.24,0.22,0.24,0.29,0.15,0.2,0.22,0.35,0.45,0.24,0.4,0.22,0.22,0.22,0.22,0.24,0.22,0.24,0.35,0.47,0.2,0.22,0.18,0.16,0.2,0.18,0.29,0.24,0.18,0.2,0.27,0.24,0.22,0.2,0.2,0.18,0.35,0.24,0.22,0.22,0.22,0.22,0.31,0.15,0.2,0.27,0.4,0.2,0.22,0.38,0.22,0.27,0.2,0.29,0.22,0.18,0.31,0.27,0.22,0.22,0.2,0.2,0.2,0.22,0.22,0.16,0.22,0.36,0.31,0.24,0.25,0.2,0.22,0.22,0.22,0.24,0.27,0.2,0.2,0.15,0.6,0.6,0.35,0.2,0.22,0.38,0.24,0.15,0.22,0.4,0.2,0.31,0.6,0.29,0.22,0.29,0.24,0.22,0.22,0.22,0.2,0.33,0.22,0.22,0.15,0.27,0.27
749529,0.36,0.4,0.4,0.22,0.19,0.24,0.28,0.34,0.43,0.65,0.19,0.87,0.21,0.53,0.18,0.23,0.98,0.29,0.39,0.15,1.0,0.5,0.27,0.88,0.38,0.38,0.52,0.32,0.45,0.78,1.0,0.43,0.48,0.62,0.27,0.27,0.62,0.85,0.37,0.38,0.42,0.27,0.38,0.52,0.42,0.48,0.6,0.82,0.87,0.43,0.35,0.58,0.43,0.37,0.5,0.4,0.35,0.88,0.38,0.6,0.37,0.38,0.48,0.32,0.43,0.52,0.32,0.6,0.82,0.42,0.5,0.45,0.47,0.85,0.4,0.78,0.4,0.4,0.67,0.37,0.47,0.78,0.85,0.68,0.63,0.42,0.45,0.6,0.45,0.37,0.97,0.42,1.0,0.57,0.47,0.47,0.45,0.42,0.43,0.85,0.38,0.32,0.8,0.32,0.38,0.5,0.32,0.78,0.45,0.47,0.85,0.85,0.37,0.78,0.72,0.45,0.45,0.47,0.62,0.85,0.42,0.87,0.85,0.62,0.42,0.32,0.77,0.42,0.4,0.5,0.4,0.62,0.42,0.43,0.3,0.43,0.58,0.38,0.85,0.82,0.4,0.97,0.47,0.5,0.4,0.88,0.62,0.38,0.85,0.33,0.3,0.45,0.43,0.43,0.53,0.4,0.73,0.4,0.6,0.32,0.43,0.83,0.35,0.85,0.38,0.43,0.4,0.4,0.45,0.62,0.35,0.77,0.5,0.78,0.7,0.42,0.6,1.0,0.33,0.25,0.45,0.45,0.85,0.47,0.4,1.0,0.73,0.38,0.45,0.38,0.25,0.32,0.38,0.48,0.48,0.42,0.37,0.47,0.43,0.4,0.43,0.82,0.82,0.7,0.37
140819,0.4,0.45,0.45,0.28,0.25,0.42,0.28,0.42,0.37,0.59,0.19,0.56,0.27,0.54,0.32,0.25,0.56,0.4,0.44,0.16,0.5,1.0,0.13,0.32,0.21,0.2,0.3,0.1,0.2,0.19,0.2,0.22,0.31,0.16,0.13,0.13,0.19,0.32,0.23,0.17,0.22,0.16,0.21,0.26,0.22,0.22,0.16,0.32,0.19,0.17,0.21,0.28,0.25,0.23,0.24,0.26,0.21,0.2,0.17,0.16,0.13,0.23,0.32,0.13,0.28,0.32,0.15,0.16,0.19,0.28,0.27,0.26,0.19,0.32,0.16,0.34,0.21,0.26,0.2,0.23,0.32,0.19,0.19,0.29,0.33,0.28,0.22,0.16,0.24,0.14,0.34,0.14,0.34,0.2,0.26,0.32,0.17,0.27,0.19,0.32,0.23,0.13,0.2,0.11,0.21,0.32,0.19,0.34,0.32,0.15,0.32,0.32,0.13,0.34,0.3,0.27,0.27,0.32,0.16,0.32,0.14,0.19,0.32,0.2,0.28,0.15,0.19,0.24,0.26,0.18,0.22,0.16,0.22,0.15,0.13,0.17,0.28,0.21,0.32,0.32,0.26,0.19,0.25,0.27,0.17,0.32,0.17,0.23,0.32,0.15,0.13,0.18,0.22,0.15,0.34,0.26,0.32,0.21,0.16,0.18,0.21,0.32,0.16,0.2,0.21,0.33,0.27,0.26,0.2,0.2,0.21,0.31,0.26,0.34,0.31,0.15,0.16,0.2,0.15,0.13,0.27,0.22,0.32,0.36,0.14,0.2,0.3,0.17,0.22,0.26,0.13,0.13,0.21,0.3,0.28,0.26,0.2,0.26,0.23,0.26,0.25,0.32,0.2,0.21,0.23
779561,0.2,0.21,0.21,0.17,0.28,0.21,0.24,0.2,0.29,0.24,0.22,0.31,0.17,0.22,0.15,0.42,0.31,0.31,0.2,0.24,0.27,0.13,1.0,0.26,0.19,0.19,0.21,0.21,0.28,0.21,0.19,0.23,0.21,0.3,1.0,1.0,0.34,0.26,0.38,0.23,0.19,0.38,0.19,0.19,0.19,0.28,0.3,0.26,0.19,0.21,0.17,0.3,0.21,0.38,0.26,0.38,0.17,0.19,0.3,0.3,0.17,0.17,0.26,0.36,0.3,0.21,0.47,0.3,0.19,0.38,0.26,0.21,0.26,0.26,0.3,0.28,0.19,0.38,0.28,0.38,0.26,0.21,0.19,0.23,0.38,0.34,0.23,0.3,0.19,0.38,0.34,0.17,0.34,0.34,0.21,0.26,0.26,0.17,0.32,0.26,0.23,0.47,0.19,0.17,0.19,0.21,0.26,0.28,0.26,0.21,0.26,0.26,0.17,0.28,0.23,0.21,0.32,0.26,0.3,0.26,0.17,0.21,0.26,0.32,0.38,0.47,0.23,0.21,0.38,0.23,0.19,0.3,0.23,0.17,0.26,0.26,0.3,0.21,0.26,0.26,0.34,0.19,0.21,0.28,0.26,0.26,0.3,0.3,0.26,0.43,0.49,0.28,0.23,0.17,0.23,0.38,0.26,0.19,0.3,0.34,0.26,0.26,0.38,0.19,0.19,0.21,0.34,0.57,0.28,0.36,0.17,0.21,0.3,0.28,0.21,0.17,0.3,0.19,0.21,0.23,0.32,0.23,0.26,0.26,0.17,0.19,0.21,0.26,0.23,0.38,0.23,0.49,0.19,0.21,0.28,0.19,0.19,0.26,0.19,0.21,0.21,0.26,0.19,0.19,0.38
749294,0.4,0.48,0.48,0.28,0.19,0.39,0.27,0.44,0.43,1.0,0.19,0.87,0.27,0.82,0.29,0.23,1.0,0.4,0.46,0.2,0.88,0.32,0.26,1.0,0.41,0.39,0.57,0.22,0.33,0.59,0.65,0.43,0.56,0.44,0.24,0.24,0.44,0.98,0.45,0.27,0.44,0.21,0.41,0.52,0.44,0.34,0.43,0.95,0.65,0.29,0.4,0.59,0.49,0.45,0.49,0.49,0.4,0.66,0.27,0.43,0.27,0.43,0.55,0.21,0.51,0.57,0.22,0.43,0.61,0.5,0.52,0.49,0.34,0.98,0.37,0.83,0.41,0.49,0.5,0.45,0.55,0.59,0.63,0.79,0.82,0.5,0.44,0.43,0.46,0.28,0.78,0.28,0.78,0.44,0.49,0.55,0.32,0.49,0.39,0.98,0.41,0.22,0.6,0.22,0.41,0.57,0.23,0.83,0.52,0.34,0.98,0.98,0.26,0.83,0.79,0.49,0.5,0.55,0.44,0.98,0.28,0.57,0.98,0.48,0.5,0.22,0.54,0.46,0.49,0.35,0.43,0.44,0.43,0.3,0.22,0.3,0.59,0.39,0.98,0.95,0.49,0.62,0.48,0.54,0.29,1.0,0.44,0.4,0.98,0.24,0.22,0.32,0.43,0.3,0.62,0.49,0.89,0.41,0.43,0.33,0.33,0.96,0.26,0.63,0.41,0.49,0.5,0.45,0.33,0.44,0.4,0.85,0.46,0.83,0.73,0.28,0.43,0.65,0.26,0.2,0.5,0.44,0.98,0.55,0.28,0.65,0.83,0.27,0.44,0.46,0.2,0.22,0.41,0.55,0.5,0.43,0.39,0.48,0.46,0.48,0.49,0.95,0.61,0.52,0.45
737316,0.52,0.7,0.7,0.29,0.25,0.29,0.27,0.56,0.45,0.41,0.15,0.41,0.28,0.42,0.24,0.27,0.41,0.43,0.71,0.22,0.38,0.21,0.19,0.41,1.0,0.73,0.69,0.4,0.38,0.41,0.43,0.86,0.69,0.27,0.23,0.23,0.27,0.57,0.56,0.26,0.73,0.21,0.98,0.72,0.73,0.27,0.27,0.57,0.41,0.44,0.69,0.56,0.67,0.52,0.47,0.53,0.69,0.41,0.25,0.27,0.58,0.73,0.53,0.26,0.73,0.53,0.22,0.27,0.42,0.72,0.75,0.86,0.43,0.56,0.21,0.57,0.93,0.53,0.38,0.52,0.56,0.41,0.41,0.59,0.54,0.7,0.86,0.27,0.89,0.4,0.7,0.58,0.7,0.38,0.57,0.56,0.42,0.7,0.25,0.57,0.79,0.25,0.41,0.4,1.0,0.54,0.26,0.57,0.53,0.49,0.57,0.57,0.52,0.57,0.59,0.79,0.79,0.56,0.27,0.57,0.58,0.43,0.56,0.4,0.72,0.22,0.48,0.77,0.53,0.42,0.73,0.27,0.86,0.56,0.26,0.43,0.56,0.79,0.57,0.57,0.72,0.43,0.75,0.75,0.26,0.56,0.28,0.58,0.57,0.27,0.25,0.48,0.86,0.56,0.58,0.53,0.56,0.95,0.27,0.38,0.38,0.57,0.28,0.41,0.93,0.63,0.74,0.53,0.38,0.38,0.69,0.57,0.74,0.57,0.57,0.49,0.27,0.43,0.27,0.27,0.79,0.86,0.57,0.79,0.59,0.43,0.57,0.26,0.86,0.59,0.27,0.25,0.98,0.57,0.78,0.73,0.74,0.7,0.85,0.56,0.67,0.57,0.41,0.38,0.52
789859,0.43,0.57,0.57,0.23,0.25,0.27,0.25,0.41,0.45,0.39,0.15,0.39,0.22,0.4,0.22,0.27,0.39,0.33,0.55,0.22,0.38,0.2,0.19,0.39,0.73,1.0,0.54,0.44,0.32,0.36,0.39,0.78,0.54,0.27,0.24,0.24,0.27,0.56,0.54,0.25,0.69,0.2,0.8,0.8,0.69,0.27,0.27,0.56,0.36,0.39,0.76,0.58,0.71,0.49,0.56,0.51,0.76,0.36,0.24,0.27,0.58,0.61,0.51,0.29,0.59,0.51,0.22,0.27,0.37,0.56,0.59,0.78,0.37,0.54,0.2,0.58,0.81,0.51,0.32,0.49,0.56,0.36,0.36,0.61,0.53,0.56,0.78,0.27,0.83,0.34,0.54,0.54,0.58,0.42,0.54,0.56,0.36,0.56,0.24,0.56,0.58,0.27,0.36,0.44,0.8,0.53,0.27,0.58,0.51,0.49,0.56,0.56,0.51,0.58,0.63,0.58,0.64,0.56,0.27,0.56,0.54,0.39,0.54,0.34,0.56,0.22,0.44,0.69,0.51,0.36,0.76,0.27,0.73,0.54,0.27,0.37,0.58,0.58,0.56,0.56,0.58,0.39,0.56,0.59,0.27,0.54,0.29,0.58,0.56,0.31,0.25,0.37,0.78,0.54,0.59,0.51,0.54,0.81,0.27,0.42,0.32,0.56,0.31,0.36,0.8,0.58,0.59,0.51,0.32,0.42,0.76,0.56,0.58,0.58,0.58,0.49,0.27,0.39,0.27,0.27,0.64,0.78,0.56,0.64,0.56,0.39,0.56,0.25,0.78,0.59,0.27,0.27,0.8,0.54,0.63,0.83,0.8,0.56,0.78,0.53,0.71,0.56,0.36,0.32,0.49
776449,0.5,0.59,0.59,0.48,0.16,0.48,0.34,0.55,0.43,0.57,0.43,0.57,0.46,0.57,0.48,0.21,0.57,0.54,0.53,0.29,0.52,0.3,0.21,0.57,0.69,0.54,1.0,0.16,0.32,0.28,0.28,0.38,0.67,0.19,0.18,0.18,0.19,0.37,0.33,0.19,0.3,0.15,0.37,0.37,0.3,0.23,0.19,0.38,0.28,0.31,0.3,0.41,0.43,0.36,0.26,0.37,0.3,0.28,0.22,0.19,0.22,0.43,0.4,0.17,0.6,0.44,0.19,0.19,0.28,0.46,0.38,0.44,0.27,0.39,0.17,0.37,0.37,0.38,0.25,0.33,0.44,0.28,0.29,0.36,0.34,0.43,0.38,0.19,0.33,0.25,0.42,0.22,0.42,0.26,0.45,0.44,0.37,0.46,0.2,0.37,0.4,0.17,0.28,0.16,0.37,0.46,0.24,0.37,0.42,0.26,0.37,0.37,0.21,0.37,0.36,0.43,0.49,0.44,0.19,0.37,0.22,0.28,0.39,0.28,0.46,0.19,0.28,0.33,0.38,0.44,0.3,0.19,0.38,0.24,0.24,0.36,0.41,0.37,0.37,0.38,0.42,0.29,0.36,0.41,0.26,0.38,0.18,0.36,0.37,0.17,0.17,0.33,0.38,0.24,0.37,0.37,0.37,0.37,0.19,0.24,0.31,0.37,0.19,0.28,0.37,0.42,0.45,0.33,0.32,0.26,0.3,0.37,0.38,0.37,0.46,0.21,0.19,0.28,0.21,0.24,0.49,0.38,0.37,0.52,0.23,0.28,0.38,0.26,0.38,0.37,0.24,0.17,0.37,0.42,0.6,0.28,0.28,0.37,0.41,0.39,0.43,0.38,0.28,0.26,0.36
740561,0.23,0.34,0.34,0.16,0.21,0.14,0.25,0.23,0.43,0.22,0.15,0.33,0.16,0.22,0.14,0.21,0.33,0.21,0.29,0.24,0.32,0.1,0.21,0.22,0.4,0.44,0.16,1.0,0.25,0.36,0.31,0.61,0.28,0.33,0.28,0.28,0.36,0.28,0.28,0.28,0.47,0.22,0.56,0.56,0.47,0.33,0.33,0.31,0.31,0.31,0.56,0.36,0.58,0.25,0.42,0.25,0.56,0.31,0.25,0.33,0.56,0.28,0.25,0.31,0.33,0.25,0.22,0.33,0.31,0.31,0.56,0.58,0.31,0.31,0.28,0.33,0.56,0.28,0.28,0.25,0.33,0.36,0.31,0.36,0.31,0.31,0.61,0.33,0.58,0.25,0.31,0.56,0.31,0.36,0.31,0.33,0.31,0.33,0.36,0.28,0.28,0.31,0.36,0.64,0.56,0.25,0.36,0.33,0.22,0.58,0.28,0.28,0.44,0.33,0.39,0.25,0.39,0.33,0.33,0.28,0.56,0.36,0.31,0.31,0.31,0.22,0.39,0.5,0.25,0.31,0.58,0.33,0.58,0.56,0.28,0.33,0.36,0.28,0.28,0.31,0.28,0.31,0.61,0.56,0.31,0.31,0.36,0.28,0.28,0.31,0.22,0.33,0.61,0.56,0.33,0.25,0.28,0.56,0.33,0.28,0.25,0.28,0.36,0.33,0.56,0.28,0.31,0.28,0.25,0.36,0.56,0.28,0.56,0.33,0.31,0.42,0.33,0.31,0.33,0.33,0.39,0.61,0.28,0.42,0.58,0.31,0.31,0.25,0.61,0.39,0.33,0.31,0.56,0.28,0.39,0.58,0.56,0.75,0.61,0.28,0.58,0.31,0.36,0.31,0.25
776100,0.33,0.33,0.33,0.26,0.21,0.37,0.35,0.29,0.37,0.33,0.18,0.48,0.24,0.33,0.3,0.27,0.48,0.34,0.34,0.25,0.45,0.2,0.28,0.33,0.38,0.32,0.32,0.25,1.0,0.32,0.35,0.27,0.44,0.29,0.35,0.35,0.29,0.33,0.39,0.21,0.27,0.32,0.27,0.32,0.27,0.27,0.29,0.33,0.33,0.56,0.25,0.33,0.28,0.4,0.28,0.48,0.25,0.33,0.28,0.29,0.27,0.32,0.49,0.28,0.43,0.47,0.36,0.29,0.33,0.4,0.31,0.29,0.4,0.33,0.25,0.37,0.27,0.48,0.43,0.39,0.53,0.32,0.33,0.33,0.33,0.41,0.27,0.29,0.27,0.37,0.39,0.27,0.39,0.29,0.35,0.53,0.36,0.29,0.31,0.33,0.32,0.32,0.33,0.19,0.27,0.39,0.27,0.37,0.56,0.27,0.33,0.33,0.25,0.37,0.33,0.35,0.37,0.53,0.29,0.33,0.27,0.33,0.33,0.32,0.4,0.36,0.36,0.27,0.49,0.41,0.27,0.29,0.27,0.28,0.2,0.36,0.33,0.28,0.33,0.33,0.37,0.35,0.31,0.32,0.32,0.33,0.29,0.29,0.33,0.31,0.37,0.45,0.27,0.28,0.37,0.48,0.33,0.27,0.29,0.33,0.65,0.33,0.28,0.33,0.27,0.43,0.4,0.33,1.0,0.29,0.25,0.33,0.32,0.37,0.37,0.25,0.29,0.35,0.25,0.29,0.37,0.27,0.33,0.44,0.27,0.35,0.33,0.31,0.27,0.43,0.29,0.32,0.27,0.43,0.36,0.27,0.25,0.31,0.27,0.43,0.28,0.33,0.33,0.36,0.4
749478,0.33,0.36,0.36,0.22,0.21,0.23,0.27,0.31,0.48,0.59,0.16,0.76,0.21,0.51,0.17,0.23,0.89,0.28,0.36,0.16,0.78,0.19,0.21,0.59,0.41,0.36,0.28,0.36,0.32,1.0,0.7,0.37,0.45,0.48,0.27,0.27,0.46,0.7,0.34,0.3,0.37,0.22,0.36,0.46,0.37,0.39,0.46,0.7,0.72,0.4,0.34,0.63,0.43,0.34,0.4,0.36,0.34,0.72,0.31,0.46,0.36,0.34,0.4,0.28,0.42,0.43,0.25,0.46,0.7,0.37,0.39,0.43,0.42,0.72,0.34,0.61,0.36,0.36,0.61,0.36,0.4,0.93,0.72,0.58,0.61,0.37,0.36,0.46,0.4,0.4,0.7,0.4,0.7,0.46,0.37,0.4,0.36,0.4,0.43,0.7,0.34,0.28,0.79,0.3,0.36,0.43,0.3,0.61,0.39,0.46,0.7,0.7,0.33,0.61,0.6,0.39,0.43,0.4,0.48,0.7,0.4,0.91,0.72,0.58,0.37,0.25,0.64,0.37,0.36,0.48,0.37,0.48,0.42,0.43,0.25,0.36,0.63,0.33,0.7,0.7,0.37,0.7,0.37,0.4,0.34,0.72,0.48,0.31,0.7,0.3,0.27,0.37,0.37,0.43,0.48,0.36,0.64,0.36,0.46,0.24,0.37,0.7,0.33,0.84,0.36,0.4,0.37,0.36,0.37,0.48,0.34,0.63,0.4,0.61,0.55,0.4,0.46,0.7,0.28,0.22,0.43,0.36,0.7,0.42,0.39,0.7,0.63,0.3,0.36,0.39,0.22,0.28,0.36,0.4,0.4,0.37,0.34,0.37,0.39,0.37,0.43,0.7,0.81,0.7,0.34
750044,0.36,0.4,0.4,0.22,0.19,0.24,0.28,0.34,0.43,0.65,0.19,0.87,0.21,0.53,0.18,0.23,0.98,0.29,0.39,0.15,1.0,0.2,0.19,0.65,0.43,0.39,0.28,0.31,0.35,0.7,1.0,0.43,0.48,0.62,0.27,0.27,0.62,0.85,0.37,0.38,0.42,0.27,0.38,0.52,0.42,0.48,0.6,0.82,0.87,0.43,0.35,0.58,0.43,0.37,0.5,0.4,0.35,0.88,0.38,0.6,0.37,0.38,0.48,0.32,0.43,0.52,0.32,0.6,0.82,0.42,0.5,0.45,0.47,0.85,0.4,0.78,0.4,0.4,0.67,0.37,0.47,0.78,0.85,0.68,0.63,0.42,0.45,0.6,0.45,0.37,0.97,0.42,1.0,0.57,0.47,0.47,0.45,0.42,0.43,0.85,0.38,0.32,0.8,0.32,0.38,0.5,0.32,0.78,0.45,0.47,0.85,0.85,0.37,0.78,0.72,0.45,0.45,0.47,0.62,0.85,0.42,0.87,0.85,0.62,0.42,0.32,0.77,0.42,0.4,0.5,0.4,0.62,0.42,0.43,0.3,0.43,0.58,0.38,0.85,0.82,0.4,0.97,0.47,0.5,0.4,0.88,0.62,0.38,0.85,0.33,0.3,0.45,0.43,0.43,0.53,0.4,0.73,0.4,0.6,0.32,0.43,0.83,0.35,0.85,0.38,0.43,0.4,0.4,0.45,0.62,0.35,0.77,0.5,0.78,0.7,0.42,0.6,1.0,0.33,0.25,0.45,0.45,0.85,0.47,0.4,1.0,0.73,0.38,0.45,0.38,0.25,0.32,0.38,0.48,0.48,0.42,0.37,0.47,0.43,0.4,0.43,0.82,0.82,0.7,0.37
741143,0.8,0.99,0.99,0.3,0.26,0.29,0.27,0.53,0.46,0.43,0.15,0.44,0.28,0.42,0.24,0.29,0.44,0.44,0.89,0.22,0.43,0.22,0.23,0.43,0.86,0.78,0.38,0.61,0.27,0.37,0.43,1.0,0.55,0.23,0.2,0.2,0.23,0.45,0.45,0.2,0.53,0.17,0.65,0.54,0.53,0.22,0.23,0.46,0.38,0.38,0.51,0.46,0.61,0.43,0.37,0.45,0.51,0.38,0.21,0.23,0.44,0.62,0.45,0.2,0.55,0.45,0.2,0.23,0.37,0.56,0.81,0.75,0.38,0.46,0.2,0.48,0.66,0.44,0.34,0.43,0.46,0.38,0.38,0.47,0.45,0.52,0.88,0.23,0.64,0.36,0.55,0.48,0.55,0.29,0.47,0.46,0.37,0.57,0.2,0.45,0.58,0.22,0.38,0.3,0.65,0.45,0.21,0.48,0.45,0.41,0.45,0.45,0.41,0.48,0.45,0.59,0.66,0.46,0.23,0.45,0.48,0.41,0.46,0.36,0.56,0.2,0.41,0.66,0.44,0.38,0.58,0.23,0.83,0.53,0.2,0.39,0.46,0.83,0.45,0.46,0.54,0.4,0.55,0.81,0.21,0.46,0.23,0.56,0.45,0.22,0.2,0.4,1.0,0.53,0.46,0.45,0.45,0.66,0.23,0.28,0.34,0.45,0.24,0.38,0.66,0.48,0.58,0.44,0.35,0.29,0.51,0.45,0.8,0.48,0.55,0.41,0.23,0.4,0.23,0.22,0.66,0.88,0.45,0.68,0.47,0.4,0.46,0.2,0.88,0.48,0.22,0.22,0.65,0.47,0.7,0.53,0.52,0.7,0.71,0.55,0.61,0.46,0.38,0.35,0.43
776223,0.5,0.57,0.57,0.53,0.23,0.7,0.46,0.54,0.4,0.56,0.27,0.54,0.58,0.54,0.7,0.25,0.54,0.59,0.55,0.36,0.48,0.31,0.21,0.56,0.69,0.54,0.67,0.28,0.44,0.45,0.48,0.55,1.0,0.18,0.19,0.19,0.18,0.36,0.38,0.15,0.29,0.15,0.35,0.34,0.29,0.18,0.18,0.36,0.25,0.35,0.29,0.42,0.4,0.39,0.25,0.36,0.29,0.26,0.19,0.18,0.21,0.4,0.44,0.2,0.85,0.65,0.18,0.18,0.25,0.49,0.38,0.41,0.28,0.36,0.16,0.36,0.35,0.37,0.25,0.35,0.51,0.27,0.25,0.36,0.35,0.44,0.36,0.18,0.31,0.27,0.41,0.21,0.41,0.25,0.38,0.51,0.32,0.47,0.2,0.36,0.38,0.19,0.25,0.16,0.35,0.64,0.24,0.36,0.45,0.24,0.36,0.36,0.2,0.36,0.36,0.42,0.51,0.51,0.18,0.36,0.21,0.27,0.36,0.28,0.49,0.18,0.25,0.33,0.4,0.35,0.29,0.18,0.37,0.25,0.24,0.42,0.42,0.35,0.36,0.36,0.44,0.25,0.36,0.4,0.25,0.36,0.18,0.35,0.36,0.19,0.15,0.47,0.36,0.25,0.4,0.36,0.36,0.35,0.18,0.24,0.4,0.36,0.19,0.25,0.35,0.44,0.49,0.34,0.34,0.25,0.29,0.36,0.39,0.36,0.43,0.21,0.18,0.26,0.23,0.24,0.51,0.36,0.36,0.55,0.22,0.26,0.36,0.26,0.36,0.4,0.24,0.19,0.35,0.51,0.68,0.27,0.27,0.36,0.4,0.48,0.4,0.36,0.25,0.26,0.39
702618,0.21,0.24,0.24,0.15,0.19,0.21,0.23,0.24,0.31,0.44,0.21,0.69,0.15,0.34,0.17,0.25,0.67,0.2,0.22,0.2,0.62,0.16,0.3,0.44,0.27,0.27,0.19,0.33,0.29,0.48,0.62,0.23,0.18,1.0,0.37,0.37,0.89,0.63,0.24,0.34,0.32,0.32,0.26,0.29,0.32,0.55,0.89,0.58,0.63,0.24,0.26,0.53,0.32,0.24,0.71,0.32,0.26,0.66,0.45,0.89,0.26,0.24,0.34,0.32,0.26,0.42,0.32,0.89,0.58,0.34,0.39,0.34,0.32,0.61,0.63,0.47,0.26,0.32,0.37,0.24,0.26,0.53,0.61,0.5,0.42,0.29,0.32,0.89,0.34,0.24,0.66,0.29,0.66,0.84,0.39,0.26,0.32,0.26,0.61,0.63,0.26,0.34,0.55,0.29,0.26,0.37,0.32,0.47,0.26,0.32,0.63,0.63,0.26,0.47,0.55,0.37,0.39,0.26,1.0,0.63,0.29,0.53,0.61,0.68,0.34,0.32,0.53,0.32,0.32,0.34,0.29,1.0,0.32,0.29,0.26,0.26,0.53,0.26,0.63,0.58,0.24,0.61,0.42,0.39,0.34,0.66,0.84,0.29,0.63,0.32,0.29,0.29,0.32,0.29,0.34,0.32,0.45,0.26,0.89,0.34,0.34,0.61,0.29,0.61,0.26,0.34,0.26,0.34,0.34,0.92,0.26,0.63,0.45,0.47,0.79,0.32,0.89,0.66,0.29,0.32,0.39,0.32,0.63,0.29,0.29,0.66,0.5,0.42,0.32,0.29,0.32,0.34,0.26,0.34,0.32,0.29,0.26,0.42,0.29,0.29,0.32,0.58,0.55,0.39,0.24
779471,0.2,0.21,0.21,0.17,0.28,0.21,0.24,0.2,0.29,0.24,0.22,0.31,0.17,0.22,0.15,0.42,0.31,0.31,0.2,0.24,0.27,0.13,1.0,0.24,0.23,0.24,0.18,0.28,0.35,0.27,0.27,0.2,0.19,0.37,1.0,1.0,0.34,0.26,0.38,0.23,0.19,0.38,0.19,0.19,0.19,0.28,0.3,0.26,0.19,0.21,0.17,0.3,0.21,0.38,0.26,0.38,0.17,0.19,0.3,0.3,0.17,0.17,0.26,0.36,0.3,0.21,0.47,0.3,0.19,0.38,0.26,0.21,0.26,0.26,0.3,0.28,0.19,0.38,0.28,0.38,0.26,0.21,0.19,0.23,0.38,0.34,0.23,0.3,0.19,0.38,0.34,0.17,0.34,0.34,0.21,0.26,0.26,0.17,0.32,0.26,0.23,0.47,0.19,0.17,0.19,0.21,0.26,0.28,0.26,0.21,0.26,0.26,0.17,0.28,0.23,0.21,0.32,0.26,0.3,0.26,0.17,0.21,0.26,0.32,0.38,0.47,0.23,0.21,0.38,0.23,0.19,0.3,0.23,0.17,0.26,0.26,0.3,0.21,0.26,0.26,0.34,0.19,0.21,0.28,0.26,0.26,0.3,0.3,0.26,0.43,0.49,0.28,0.23,0.17,0.23,0.38,0.26,0.19,0.3,0.34,0.26,0.26,0.38,0.19,0.19,0.21,0.34,0.57,0.28,0.36,0.17,0.21,0.3,0.28,0.21,0.17,0.3,0.19,0.21,0.23,0.32,0.23,0.26,0.26,0.17,0.19,0.21,0.26,0.23,0.38,0.23,0.49,0.19,0.21,0.28,0.19,0.19,0.26,0.19,0.21,0.21,0.26,0.19,0.19,0.38
779636,0.2,0.21,0.21,0.17,0.28,0.21,0.24,0.2,0.29,0.24,0.22,0.31,0.17,0.22,0.15,0.42,0.31,0.31,0.2,0.24,0.27,0.13,1.0,0.24,0.23,0.24,0.18,0.28,0.35,0.27,0.27,0.2,0.19,0.37,1.0,1.0,0.34,0.26,0.38,0.23,0.19,0.38,0.19,0.19,0.19,0.28,0.3,0.26,0.19,0.21,0.17,0.3,0.21,0.38,0.26,0.38,0.17,0.19,0.3,0.3,0.17,0.17,0.26,0.36,0.3,0.21,0.47,0.3,0.19,0.38,0.26,0.21,0.26,0.26,0.3,0.28,0.19,0.38,0.28,0.38,0.26,0.21,0.19,0.23,0.38,0.34,0.23,0.3,0.19,0.38,0.34,0.17,0.34,0.34,0.21,0.26,0.26,0.17,0.32,0.26,0.23,0.47,0.19,0.17,0.19,0.21,0.26,0.28,0.26,0.21,0.26,0.26,0.17,0.28,0.23,0.21,0.32,0.26,0.3,0.26,0.17,0.21,0.26,0.32,0.38,0.47,0.23,0.21,0.38,0.23,0.19,0.3,0.23,0.17,0.26,0.26,0.3,0.21,0.26,0.26,0.34,0.19,0.21,0.28,0.26,0.26,0.3,0.3,0.26,0.43,0.49,0.28,0.23,0.17,0.23,0.38,0.26,0.19,0.3,0.34,0.26,0.26,0.38,0.19,0.19,0.21,0.34,0.57,0.28,0.36,0.17,0.21,0.3,0.28,0.21,0.17,0.3,0.19,0.21,0.23,0.32,0.23,0.26,0.26,0.17,0.19,0.21,0.26,0.23,0.38,0.23,0.49,0.19,0.21,0.28,0.19,0.19,0.26,0.19,0.21,0.21,0.26,0.19,0.19,0.38
750478,0.22,0.24,0.24,0.15,0.23,0.21,0.24,0.24,0.31,0.44,0.25,0.67,0.15,0.37,0.18,0.25,0.67,0.23,0.22,0.22,0.62,0.19,0.34,0.44,0.27,0.27,0.19,0.36,0.29,0.46,0.62,0.23,0.18,0.89,0.34,0.34,1.0,0.53,0.24,0.38,0.27,0.27,0.22,0.24,0.27,0.6,0.76,0.47,0.53,0.24,0.22,0.44,0.27,0.24,0.67,0.27,0.22,0.56,0.38,0.76,0.22,0.24,0.29,0.27,0.22,0.42,0.31,0.76,0.49,0.36,0.36,0.29,0.27,0.47,0.62,0.49,0.22,0.27,0.31,0.24,0.22,0.44,0.51,0.42,0.47,0.29,0.27,0.76,0.29,0.18,0.56,0.24,0.56,0.8,0.38,0.22,0.27,0.22,0.69,0.53,0.22,0.29,0.47,0.24,0.22,0.36,0.36,0.49,0.22,0.27,0.53,0.53,0.22,0.49,0.47,0.31,0.4,0.22,0.76,0.53,0.24,0.44,0.47,0.69,0.36,0.31,0.44,0.33,0.27,0.29,0.24,0.76,0.27,0.24,0.22,0.22,0.44,0.27,0.53,0.47,0.22,0.51,0.36,0.36,0.36,0.56,0.8,0.24,0.53,0.27,0.24,0.24,0.27,0.24,0.36,0.27,0.47,0.22,0.76,0.33,0.29,0.47,0.27,0.51,0.22,0.29,0.29,0.36,0.29,0.87,0.22,0.53,0.4,0.49,0.78,0.27,0.76,0.56,0.24,0.29,0.4,0.27,0.53,0.38,0.24,0.56,0.49,0.36,0.27,0.31,0.29,0.29,0.22,0.29,0.38,0.24,0.22,0.36,0.24,0.24,0.27,0.47,0.47,0.38,0.24
712098,0.41,0.46,0.46,0.27,0.19,0.39,0.27,0.45,0.42,0.98,0.18,0.83,0.27,0.83,0.29,0.25,0.96,0.4,0.47,0.22,0.85,0.32,0.26,0.98,0.57,0.56,0.37,0.28,0.33,0.7,0.85,0.45,0.36,0.63,0.26,0.26,0.53,1.0,0.46,0.27,0.46,0.21,0.43,0.51,0.46,0.33,0.42,0.98,0.63,0.31,0.42,0.58,0.48,0.46,0.49,0.49,0.42,0.64,0.27,0.42,0.28,0.43,0.56,0.22,0.52,0.57,0.22,0.42,0.63,0.51,0.54,0.48,0.35,0.96,0.37,0.84,0.43,0.49,0.51,0.46,0.54,0.58,0.62,0.81,0.83,0.52,0.41,0.42,0.46,0.28,0.79,0.26,0.79,0.44,0.48,0.54,0.32,0.49,0.4,1.0,0.43,0.22,0.59,0.2,0.43,0.59,0.22,0.84,0.52,0.33,1.0,1.0,0.27,0.84,0.79,0.48,0.51,0.54,0.43,1.0,0.26,0.57,0.96,0.48,0.51,0.22,0.54,0.44,0.49,0.37,0.42,0.43,0.41,0.28,0.23,0.3,0.58,0.41,1.0,0.98,0.49,0.6,0.49,0.56,0.28,0.99,0.44,0.42,1.0,0.26,0.23,0.33,0.41,0.28,0.64,0.49,0.9,0.43,0.42,0.33,0.33,0.99,0.25,0.62,0.43,0.49,0.51,0.46,0.33,0.44,0.42,0.88,0.47,0.84,0.73,0.27,0.42,0.63,0.26,0.2,0.51,0.41,1.0,0.57,0.27,0.63,0.85,0.28,0.41,0.47,0.2,0.22,0.43,0.56,0.49,0.42,0.41,0.49,0.43,0.48,0.48,0.98,0.59,0.52,0.46
779647,0.4,0.46,0.46,0.31,0.28,0.35,0.31,0.39,0.35,0.45,0.25,0.43,0.29,0.45,0.36,0.4,0.43,0.63,0.44,0.31,0.37,0.23,0.38,0.45,0.56,0.54,0.33,0.28,0.39,0.34,0.37,0.45,0.38,0.24,0.38,0.38,0.24,0.46,1.0,0.2,0.4,0.19,0.4,0.42,0.4,0.25,0.2,0.44,0.27,0.3,0.46,0.46,0.43,0.92,0.31,0.89,0.46,0.27,0.23,0.2,0.26,0.42,0.54,0.3,0.51,0.48,0.38,0.2,0.27,0.75,0.38,0.43,0.36,0.44,0.17,0.44,0.4,0.89,0.3,0.94,0.57,0.27,0.27,0.48,0.45,0.7,0.4,0.2,0.4,0.43,0.44,0.25,0.44,0.35,0.44,0.57,0.31,0.46,0.24,0.44,0.39,0.35,0.27,0.23,0.4,0.46,0.27,0.44,0.54,0.27,0.44,0.44,0.25,0.44,0.48,0.44,0.54,0.57,0.21,0.44,0.25,0.27,0.44,0.3,0.75,0.38,0.31,0.38,0.8,0.32,0.4,0.21,0.42,0.3,0.25,0.31,0.46,0.38,0.44,0.44,0.71,0.27,0.37,0.38,0.29,0.44,0.2,0.4,0.44,0.35,0.32,0.37,0.4,0.3,0.5,0.89,0.44,0.4,0.2,0.32,0.33,0.44,0.32,0.27,0.4,0.44,0.75,0.51,0.38,0.35,0.46,0.44,0.46,0.44,0.44,0.25,0.2,0.27,0.25,0.25,0.54,0.4,0.44,0.45,0.26,0.27,0.44,0.24,0.4,0.89,0.25,0.35,0.4,0.44,0.54,0.38,0.38,0.37,0.5,0.44,0.43,0.44,0.27,0.35,0.92
139836,0.21,0.21,0.21,0.13,0.33,0.19,0.2,0.24,0.26,0.27,0.28,0.41,0.12,0.24,0.18,0.27,0.41,0.19,0.21,0.33,0.38,0.17,0.23,0.27,0.26,0.25,0.19,0.28,0.21,0.3,0.38,0.2,0.15,0.34,0.23,0.23,0.38,0.27,0.2,1.0,0.16,0.18,0.15,0.19,0.16,0.42,0.21,0.19,0.19,0.24,0.19,0.18,0.15,0.18,0.26,0.21,0.19,0.21,0.31,0.21,0.15,0.18,0.19,0.21,0.26,0.29,0.21,0.21,0.19,0.19,0.23,0.21,0.16,0.19,0.19,0.19,0.15,0.21,0.16,0.18,0.26,0.18,0.19,0.16,0.15,0.23,0.15,0.21,0.19,0.11,0.21,0.15,0.21,0.23,0.32,0.26,0.19,0.16,0.24,0.21,0.18,0.16,0.19,0.16,0.15,0.31,0.37,0.19,0.27,0.15,0.21,0.21,0.15,0.19,0.18,0.21,0.31,0.26,0.21,0.21,0.15,0.18,0.19,0.15,0.19,0.21,0.19,0.19,0.23,0.21,0.16,0.21,0.15,0.15,0.34,0.18,0.18,0.18,0.21,0.19,0.18,0.19,0.23,0.23,0.4,0.21,0.24,0.29,0.21,0.21,0.19,0.16,0.15,0.15,0.26,0.21,0.23,0.15,0.21,0.24,0.16,0.21,0.23,0.19,0.15,0.37,0.19,0.16,0.16,0.23,0.19,0.21,0.27,0.19,0.27,0.18,0.21,0.21,0.27,0.31,0.31,0.15,0.21,0.19,0.16,0.21,0.19,0.4,0.15,0.18,0.31,0.16,0.15,0.19,0.37,0.16,0.15,0.26,0.16,0.24,0.15,0.19,0.19,0.24,0.18
739287,0.43,0.55,0.55,0.24,0.25,0.29,0.28,0.45,0.42,0.44,0.15,0.44,0.23,0.43,0.24,0.29,0.44,0.35,0.56,0.22,0.42,0.22,0.19,0.44,0.73,0.69,0.3,0.47,0.27,0.37,0.42,0.53,0.29,0.32,0.19,0.19,0.27,0.46,0.4,0.16,1.0,0.22,0.85,0.76,1.0,0.31,0.31,0.71,0.42,0.44,0.71,0.64,0.73,0.56,0.56,0.58,0.71,0.42,0.27,0.31,0.53,0.62,0.6,0.33,0.64,0.62,0.25,0.31,0.49,0.64,0.65,0.8,0.38,0.69,0.25,0.64,0.78,0.58,0.36,0.56,0.65,0.42,0.47,0.71,0.6,0.6,0.78,0.31,0.8,0.42,0.62,0.53,0.62,0.45,0.64,0.65,0.44,0.65,0.27,0.67,0.71,0.31,0.42,0.42,0.85,0.62,0.31,0.64,0.58,0.49,0.67,0.67,0.58,0.64,0.65,0.65,0.67,0.65,0.31,0.67,0.53,0.44,0.69,0.4,0.64,0.25,0.47,0.82,0.58,0.44,0.82,0.31,0.78,0.53,0.27,0.44,0.64,0.71,0.67,0.71,0.64,0.49,0.73,0.65,0.33,0.64,0.33,0.64,0.67,0.33,0.27,0.45,0.78,0.53,0.71,0.58,0.65,0.78,0.31,0.45,0.36,0.67,0.35,0.45,0.82,0.69,0.67,0.58,0.36,0.45,0.71,0.67,0.65,0.64,0.64,0.45,0.31,0.44,0.31,0.29,0.67,0.78,0.67,0.69,0.62,0.44,0.71,0.29,0.78,0.64,0.29,0.31,0.85,0.64,0.71,0.78,0.78,0.65,0.76,0.6,0.73,0.71,0.42,0.38,0.56
766637,0.18,0.17,0.17,0.13,0.18,0.24,0.17,0.18,0.25,0.21,0.18,0.3,0.13,0.2,0.18,0.23,0.3,0.19,0.17,0.18,0.27,0.16,0.38,0.21,0.21,0.2,0.15,0.22,0.32,0.22,0.27,0.17,0.15,0.32,0.38,0.38,0.27,0.21,0.19,0.18,0.22,1.0,0.21,0.3,0.21,0.52,0.36,0.27,0.27,0.3,0.21,0.3,0.21,0.24,0.33,0.48,0.21,0.27,0.39,0.36,0.21,0.27,0.27,0.33,0.27,0.36,0.48,0.36,0.27,0.33,0.3,0.24,0.52,0.27,0.33,0.33,0.21,0.52,0.48,0.24,0.24,0.24,0.27,0.27,0.27,0.36,0.21,0.36,0.21,0.24,0.36,0.21,0.36,0.39,0.36,0.24,0.3,0.21,0.36,0.27,0.33,0.3,0.27,0.21,0.21,0.36,0.33,0.33,0.27,0.27,0.27,0.27,0.21,0.33,0.27,0.27,0.36,0.24,0.36,0.27,0.21,0.24,0.27,0.33,0.33,0.48,0.24,0.24,0.52,0.33,0.21,0.36,0.21,0.21,0.36,0.3,0.3,0.24,0.27,0.27,0.24,0.27,0.3,0.33,0.39,0.27,0.39,0.33,0.27,0.33,0.52,0.27,0.21,0.21,0.3,0.48,0.27,0.21,0.36,0.58,0.48,0.27,0.3,0.27,0.21,0.24,0.27,0.36,0.48,0.42,0.21,0.27,0.36,0.33,0.3,0.21,0.36,0.27,0.24,0.24,0.36,0.21,0.27,0.39,0.21,0.27,0.27,0.36,0.21,0.3,0.24,0.3,0.21,0.27,0.3,0.3,0.21,0.3,0.21,0.27,0.21,0.27,0.27,0.33,0.24
740487,0.52,0.7,0.7,0.29,0.25,0.29,0.27,0.55,0.45,0.41,0.15,0.41,0.28,0.42,0.24,0.27,0.41,0.43,0.7,0.22,0.38,0.21,0.19,0.41,0.98,0.8,0.37,0.56,0.27,0.36,0.38,0.65,0.35,0.26,0.19,0.19,0.22,0.43,0.4,0.15,0.85,0.21,1.0,0.72,0.73,0.27,0.27,0.57,0.41,0.44,0.72,0.56,0.67,0.52,0.47,0.53,0.72,0.41,0.25,0.27,0.59,0.73,0.53,0.26,0.73,0.53,0.22,0.27,0.42,0.72,0.78,0.86,0.43,0.56,0.21,0.57,0.95,0.53,0.38,0.52,0.56,0.41,0.41,0.59,0.54,0.7,0.86,0.27,0.89,0.4,0.7,0.57,0.7,0.38,0.57,0.56,0.42,0.7,0.25,0.57,0.79,0.25,0.41,0.4,0.98,0.54,0.26,0.57,0.53,0.49,0.57,0.57,0.52,0.57,0.59,0.77,0.79,0.56,0.27,0.57,0.57,0.43,0.56,0.4,0.72,0.22,0.48,0.77,0.53,0.43,0.73,0.27,0.86,0.57,0.26,0.44,0.56,0.79,0.57,0.57,0.72,0.43,0.75,0.78,0.26,0.56,0.28,0.58,0.57,0.27,0.25,0.48,0.86,0.57,0.58,0.53,0.56,0.93,0.27,0.38,0.38,0.57,0.28,0.41,0.95,0.63,0.74,0.53,0.38,0.38,0.72,0.57,0.77,0.57,0.57,0.49,0.27,0.43,0.27,0.27,0.79,0.86,0.57,0.79,0.59,0.43,0.57,0.26,0.86,0.59,0.27,0.25,1.0,0.57,0.78,0.73,0.77,0.7,0.85,0.56,0.67,0.57,0.41,0.38,0.52
739365,0.45,0.57,0.57,0.28,0.18,0.36,0.32,0.44,0.68,0.52,0.15,0.5,0.27,0.52,0.28,0.23,0.5,0.36,0.54,0.25,0.52,0.26,0.19,0.52,0.72,0.8,0.37,0.56,0.32,0.46,0.52,0.54,0.34,0.29,0.19,0.19,0.24,0.51,0.42,0.19,0.76,0.3,0.72,1.0,0.43,0.24,0.2,0.36,0.23,0.28,0.47,0.47,0.56,0.34,0.38,0.35,0.47,0.23,0.2,0.2,0.33,0.39,0.38,0.19,0.4,0.38,0.21,0.2,0.23,0.36,0.4,0.52,0.26,0.36,0.19,0.5,0.47,0.35,0.23,0.35,0.4,0.26,0.23,0.37,0.34,0.37,0.47,0.2,0.49,0.23,0.47,0.39,0.49,0.32,0.36,0.4,0.27,0.39,0.22,0.35,0.41,0.18,0.23,0.29,0.46,0.38,0.2,0.5,0.37,0.45,0.35,0.35,0.29,0.5,0.4,0.36,0.42,0.4,0.2,0.35,0.39,0.34,0.36,0.27,0.36,0.21,0.28,0.42,0.35,0.32,0.45,0.2,0.51,0.44,0.2,0.28,0.47,0.38,0.35,0.36,0.38,0.32,0.36,0.48,0.23,0.36,0.2,0.37,0.35,0.19,0.19,0.36,0.47,0.44,0.36,0.35,0.35,0.47,0.2,0.32,0.26,0.35,0.18,0.22,0.46,0.43,0.39,0.35,0.27,0.32,0.47,0.35,0.4,0.5,0.44,0.29,0.2,0.32,0.22,0.19,0.42,0.47,0.35,0.49,0.34,0.32,0.36,0.26,0.47,0.41,0.19,0.18,0.46,0.38,0.44,0.51,0.5,0.34,0.47,0.36,0.56,0.36,0.23,0.22,0.34
740815,0.43,0.55,0.55,0.24,0.25,0.29,0.28,0.45,0.42,0.44,0.15,0.44,0.23,0.43,0.24,0.29,0.44,0.35,0.56,0.22,0.42,0.22,0.19,0.44,0.73,0.69,0.3,0.47,0.27,0.37,0.42,0.53,0.29,0.32,0.19,0.19,0.27,0.46,0.4,0.16,1.0,0.21,0.73,0.43,1.0,0.31,0.31,0.71,0.42,0.44,0.71,0.64,0.73,0.56,0.56,0.58,0.71,0.42,0.27,0.31,0.53,0.62,0.6,0.33,0.64,0.62,0.25,0.31,0.49,0.64,0.65,0.8,0.38,0.69,0.25,0.64,0.78,0.58,0.36,0.56,0.65,0.42,0.47,0.71,0.6,0.6,0.78,0.31,0.8,0.42,0.62,0.53,0.62,0.45,0.64,0.65,0.44,0.65,0.27,0.67,0.71,0.31,0.42,0.42,0.85,0.62,0.31,0.64,0.58,0.49,0.67,0.67,0.58,0.64,0.65,0.65,0.67,0.65,0.31,0.67,0.53,0.44,0.69,0.4,0.64,0.25,0.47,0.82,0.58,0.44,0.82,0.31,0.78,0.53,0.27,0.44,0.64,0.71,0.67,0.71,0.64,0.49,0.73,0.65,0.33,0.64,0.33,0.64,0.67,0.33,0.27,0.45,0.78,0.53,0.71,0.58,0.65,0.78,0.31,0.45,0.36,0.67,0.35,0.45,0.82,0.69,0.67,0.58,0.36,0.45,0.71,0.67,0.65,0.64,0.64,0.45,0.31,0.44,0.31,0.29,0.67,0.78,0.67,0.69,0.62,0.44,0.71,0.29,0.78,0.64,0.29,0.31,0.85,0.64,0.71,0.78,0.78,0.65,0.76,0.6,0.73,0.71,0.42,0.38,0.56
140978,0.22,0.23,0.23,0.16,0.33,0.22,0.24,0.26,0.32,0.34,0.36,0.52,0.16,0.28,0.21,0.25,0.52,0.24,0.22,0.33,0.48,0.22,0.28,0.34,0.27,0.27,0.23,0.33,0.27,0.39,0.48,0.22,0.18,0.55,0.28,0.28,0.6,0.33,0.25,0.42,0.31,0.52,0.27,0.24,0.31,1.0,0.21,0.15,0.16,0.13,0.12,0.16,0.12,0.12,0.2,0.12,0.12,0.17,0.25,0.21,0.1,0.12,0.13,0.14,0.13,0.21,0.17,0.21,0.15,0.17,0.14,0.18,0.12,0.16,0.18,0.14,0.1,0.12,0.12,0.12,0.11,0.15,0.16,0.11,0.12,0.16,0.11,0.21,0.13,0.08,0.17,0.11,0.17,0.21,0.26,0.11,0.13,0.1,0.22,0.16,0.11,0.13,0.16,0.12,0.1,0.18,0.18,0.14,0.17,0.12,0.16,0.16,0.1,0.14,0.14,0.14,0.19,0.11,0.21,0.16,0.11,0.15,0.16,0.17,0.17,0.17,0.13,0.15,0.12,0.14,0.11,0.21,0.11,0.11,0.1,0.12,0.16,0.11,0.16,0.15,0.11,0.16,0.14,0.14,0.24,0.17,0.22,0.11,0.16,0.12,0.12,0.1,0.11,0.11,0.17,0.12,0.16,0.1,0.21,0.17,0.12,0.16,0.15,0.17,0.1,0.14,0.15,0.17,0.12,0.22,0.12,0.16,0.18,0.14,0.25,0.12,0.21,0.17,0.13,0.19,0.19,0.11,0.16,0.2,0.11,0.17,0.15,0.28,0.11,0.16,0.19,0.13,0.1,0.13,0.29,0.11,0.1,0.16,0.11,0.15,0.12,0.15,0.16,0.17,0.12
750291,0.21,0.24,0.24,0.15,0.19,0.21,0.23,0.24,0.31,0.43,0.21,0.67,0.15,0.3,0.17,0.25,0.65,0.19,0.22,0.2,0.6,0.16,0.3,0.43,0.27,0.27,0.19,0.33,0.29,0.46,0.6,0.23,0.18,0.89,0.3,0.3,0.76,0.42,0.2,0.21,0.31,0.36,0.27,0.2,0.31,0.21,1.0,0.44,0.59,0.23,0.26,0.49,0.31,0.21,0.67,0.31,0.26,0.62,0.44,1.0,0.26,0.23,0.33,0.31,0.26,0.41,0.31,1.0,0.54,0.33,0.38,0.33,0.31,0.44,0.62,0.49,0.26,0.31,0.36,0.21,0.26,0.49,0.56,0.46,0.44,0.28,0.31,1.0,0.33,0.21,0.62,0.28,0.62,0.87,0.38,0.26,0.31,0.26,0.59,0.59,0.26,0.33,0.51,0.28,0.26,0.36,0.31,0.49,0.26,0.31,0.59,0.59,0.26,0.49,0.56,0.36,0.41,0.26,0.87,0.59,0.28,0.49,0.44,0.67,0.33,0.31,0.51,0.31,0.31,0.33,0.28,0.87,0.31,0.28,0.26,0.26,0.49,0.26,0.59,0.44,0.21,0.56,0.41,0.38,0.33,0.62,0.82,0.28,0.59,0.31,0.28,0.28,0.31,0.28,0.33,0.31,0.44,0.26,1.0,0.33,0.33,0.44,0.28,0.56,0.26,0.33,0.26,0.33,0.33,0.9,0.26,0.59,0.44,0.49,0.79,0.31,1.0,0.62,0.28,0.31,0.41,0.31,0.59,0.38,0.28,0.62,0.54,0.41,0.31,0.28,0.31,0.33,0.26,0.33,0.31,0.28,0.26,0.41,0.28,0.31,0.31,0.44,0.51,0.36,0.21
748912,0.41,0.47,0.47,0.27,0.19,0.39,0.27,0.52,0.42,0.95,0.16,0.8,0.26,0.93,0.29,0.25,0.93,0.4,0.47,0.22,0.82,0.32,0.26,0.95,0.57,0.56,0.38,0.31,0.33,0.7,0.82,0.46,0.36,0.58,0.26,0.26,0.47,0.98,0.44,0.19,0.71,0.27,0.57,0.36,0.71,0.15,0.44,1.0,0.57,0.29,0.39,0.54,0.45,0.43,0.45,0.46,0.39,0.57,0.24,0.32,0.26,0.4,0.51,0.21,0.48,0.52,0.21,0.32,0.68,0.47,0.48,0.45,0.32,0.99,0.34,0.78,0.4,0.46,0.46,0.43,0.51,0.54,0.67,0.75,0.76,0.48,0.4,0.32,0.46,0.26,0.75,0.26,0.75,0.46,0.44,0.51,0.29,0.46,0.37,0.91,0.4,0.21,0.55,0.21,0.4,0.54,0.21,0.78,0.48,0.31,0.91,0.91,0.25,0.78,0.72,0.44,0.45,0.51,0.38,0.91,0.26,0.53,0.99,0.45,0.47,0.21,0.49,0.44,0.46,0.34,0.43,0.38,0.4,0.29,0.21,0.28,0.54,0.38,0.91,1.0,0.47,0.66,0.44,0.49,0.26,0.9,0.36,0.38,0.91,0.23,0.22,0.31,0.4,0.29,0.6,0.46,0.83,0.4,0.32,0.31,0.31,0.97,0.24,0.63,0.4,0.45,0.47,0.43,0.31,0.41,0.39,0.79,0.44,0.78,0.66,0.25,0.32,0.56,0.24,0.18,0.45,0.4,0.91,0.52,0.29,0.56,0.89,0.25,0.4,0.44,0.18,0.21,0.4,0.51,0.46,0.43,0.38,0.44,0.43,0.45,0.45,1.0,0.55,0.48,0.43
746703,0.33,0.37,0.37,0.21,0.19,0.24,0.27,0.32,0.43,0.65,0.18,0.85,0.21,0.54,0.18,0.23,0.98,0.29,0.36,0.16,0.87,0.19,0.19,0.65,0.41,0.36,0.28,0.31,0.33,0.72,0.87,0.38,0.25,0.63,0.19,0.19,0.53,0.63,0.27,0.19,0.42,0.27,0.41,0.23,0.42,0.16,0.59,0.57,1.0,0.45,0.38,0.62,0.47,0.42,0.53,0.45,0.38,0.96,0.4,0.62,0.4,0.42,0.51,0.35,0.47,0.56,0.33,0.62,0.91,0.45,0.51,0.49,0.51,0.95,0.42,0.73,0.4,0.45,0.75,0.42,0.51,0.87,0.95,0.78,0.71,0.45,0.45,0.62,0.45,0.42,0.95,0.42,0.95,0.6,0.47,0.51,0.45,0.47,0.45,0.93,0.4,0.35,0.89,0.33,0.4,0.55,0.35,0.73,0.51,0.51,0.93,0.93,0.38,0.73,0.78,0.45,0.53,0.51,0.64,0.93,0.42,0.85,0.95,0.67,0.45,0.33,0.8,0.45,0.45,0.56,0.42,0.64,0.44,0.45,0.31,0.45,0.62,0.4,0.93,0.91,0.44,0.93,0.47,0.53,0.42,0.96,0.64,0.38,0.93,0.36,0.33,0.45,0.44,0.45,0.6,0.45,0.8,0.4,0.62,0.33,0.47,0.91,0.38,0.95,0.42,0.45,0.45,0.44,0.47,0.64,0.38,0.84,0.51,0.73,0.75,0.42,0.62,0.95,0.35,0.27,0.53,0.45,0.93,0.55,0.42,0.95,0.82,0.38,0.45,0.42,0.27,0.35,0.4,0.51,0.51,0.42,0.38,0.47,0.45,0.44,0.47,0.91,0.91,0.78,0.42
776114,0.37,0.36,0.36,0.3,0.25,0.29,0.38,0.32,0.38,0.29,0.33,0.44,0.27,0.3,0.31,0.29,0.44,0.32,0.4,0.36,0.43,0.17,0.21,0.29,0.44,0.39,0.31,0.31,0.56,0.4,0.43,0.38,0.35,0.24,0.21,0.21,0.24,0.31,0.3,0.24,0.44,0.3,0.44,0.28,0.44,0.13,0.23,0.29,0.45,1.0,0.3,0.34,0.33,0.3,0.25,0.3,0.3,0.32,0.32,0.22,0.32,0.33,0.45,0.3,0.62,0.63,0.26,0.22,0.33,0.38,0.36,0.33,0.33,0.32,0.18,0.36,0.33,0.3,0.34,0.3,0.51,0.33,0.32,0.39,0.34,0.37,0.32,0.22,0.36,0.28,0.37,0.3,0.37,0.24,0.46,0.51,0.34,0.37,0.26,0.33,0.34,0.28,0.32,0.24,0.33,0.66,0.38,0.36,0.58,0.33,0.33,0.33,0.32,0.36,0.36,0.29,0.43,0.51,0.22,0.33,0.3,0.36,0.32,0.32,0.38,0.26,0.36,0.32,0.3,0.39,0.33,0.22,0.32,0.3,0.36,0.38,0.34,0.33,0.33,0.33,0.33,0.34,0.32,0.36,0.36,0.32,0.24,0.38,0.33,0.26,0.22,0.46,0.33,0.3,0.45,0.3,0.33,0.33,0.22,0.24,0.58,0.33,0.22,0.32,0.33,0.58,0.37,0.32,0.55,0.24,0.3,0.33,0.33,0.36,0.38,0.3,0.22,0.34,0.38,0.41,0.43,0.32,0.33,0.47,0.34,0.34,0.33,0.33,0.32,0.33,0.41,0.28,0.33,0.43,0.59,0.32,0.32,0.34,0.32,0.42,0.33,0.33,0.32,0.36,0.3
738524,0.4,0.53,0.53,0.29,0.23,0.28,0.27,0.45,0.45,0.4,0.18,0.39,0.28,0.41,0.27,0.23,0.39,0.34,0.52,0.22,0.35,0.21,0.17,0.4,0.69,0.76,0.3,0.56,0.25,0.34,0.35,0.51,0.29,0.26,0.17,0.17,0.22,0.42,0.46,0.19,0.71,0.21,0.72,0.47,0.71,0.12,0.26,0.39,0.38,0.3,1.0,0.56,0.61,0.51,0.44,0.52,1.0,0.3,0.21,0.23,0.48,0.52,0.44,0.27,0.58,0.44,0.21,0.23,0.31,0.49,0.49,0.65,0.34,0.46,0.18,0.44,0.66,0.52,0.27,0.51,0.49,0.3,0.3,0.52,0.45,0.55,0.61,0.23,0.66,0.32,0.44,0.44,0.44,0.35,0.54,0.49,0.38,0.52,0.23,0.48,0.48,0.24,0.3,0.39,0.63,0.45,0.28,0.44,0.44,0.41,0.48,0.48,0.41,0.44,0.61,0.48,0.59,0.49,0.23,0.48,0.44,0.3,0.46,0.28,0.49,0.21,0.37,0.55,0.52,0.35,0.61,0.23,0.58,0.48,0.27,0.38,0.56,0.48,0.48,0.48,0.56,0.3,0.44,0.49,0.28,0.46,0.21,0.45,0.48,0.25,0.2,0.37,0.61,0.48,0.51,0.52,0.46,0.63,0.23,0.34,0.27,0.48,0.3,0.27,0.66,0.46,0.52,0.51,0.27,0.35,1.0,0.48,0.62,0.44,0.49,0.37,0.23,0.3,0.25,0.25,0.59,0.61,0.48,0.61,0.45,0.3,0.48,0.23,0.61,0.59,0.25,0.24,0.66,0.44,0.61,0.63,0.66,0.44,0.68,0.42,0.61,0.48,0.3,0.3,0.51
685598,0.42,0.47,0.47,0.39,0.21,0.4,0.3,0.48,0.46,0.59,0.19,0.65,0.35,0.57,0.35,0.23,0.63,0.41,0.47,0.22,0.58,0.28,0.3,0.59,0.56,0.58,0.41,0.36,0.33,0.63,0.58,0.46,0.42,0.53,0.3,0.3,0.44,0.58,0.46,0.18,0.64,0.3,0.56,0.47,0.64,0.16,0.49,0.54,0.62,0.34,0.56,1.0,0.36,0.36,0.37,0.38,0.35,0.3,0.17,0.31,0.21,0.41,0.38,0.19,0.38,0.38,0.17,0.31,0.29,0.35,0.32,0.37,0.24,0.46,0.28,0.42,0.32,0.38,0.25,0.37,0.35,0.39,0.3,0.39,0.37,0.37,0.32,0.31,0.35,0.25,0.4,0.25,0.39,0.46,0.4,0.35,0.27,0.42,0.34,0.46,0.32,0.17,0.38,0.18,0.32,0.36,0.23,0.42,0.32,0.26,0.46,0.46,0.18,0.42,0.46,0.42,0.41,0.35,0.31,0.46,0.25,0.42,0.46,0.44,0.35,0.17,0.28,0.25,0.39,0.32,0.32,0.31,0.35,0.27,0.21,0.28,1.0,0.31,0.46,0.46,0.38,0.3,0.31,0.35,0.22,0.46,0.33,0.28,0.46,0.18,0.17,0.25,0.32,0.27,0.39,0.38,0.42,0.32,0.31,0.31,0.2,0.46,0.21,0.33,0.32,0.38,0.35,0.36,0.23,0.46,0.35,0.41,0.33,0.42,0.46,0.25,0.31,0.3,0.19,0.17,0.41,0.32,0.46,0.43,0.22,0.3,0.41,0.19,0.32,0.4,0.17,0.17,0.32,0.36,0.46,0.31,0.3,0.31,0.39,0.32,0.36,0.46,0.39,0.31,0.36
723642,0.48,0.65,0.65,0.33,0.21,0.33,0.27,0.42,0.83,0.49,0.16,0.48,0.32,0.47,0.28,0.23,0.48,0.46,0.61,0.22,0.43,0.25,0.21,0.49,0.67,0.71,0.43,0.58,0.28,0.43,0.43,0.61,0.4,0.32,0.21,0.21,0.27,0.48,0.43,0.15,0.73,0.21,0.67,0.56,0.73,0.12,0.31,0.45,0.47,0.33,0.61,0.36,1.0,0.4,0.33,0.41,0.47,0.35,0.18,0.2,0.37,0.51,0.43,0.19,0.5,0.48,0.19,0.2,0.34,0.55,0.53,1.0,0.33,0.47,0.16,0.45,0.47,0.41,0.31,0.4,0.47,0.37,0.35,0.49,0.44,0.54,0.57,0.2,0.52,0.32,0.52,0.37,0.52,0.26,0.4,0.47,0.33,0.6,0.17,0.46,0.49,0.19,0.37,0.27,0.47,0.45,0.22,0.45,0.42,0.6,0.46,0.46,0.33,0.45,0.5,0.51,0.63,0.47,0.2,0.46,0.37,0.37,0.47,0.35,0.55,0.19,0.37,0.66,0.41,0.37,0.47,0.2,0.56,0.38,0.2,0.37,0.47,0.48,0.46,0.46,0.47,0.35,0.38,0.58,0.22,0.47,0.2,0.47,0.46,0.19,0.18,0.35,0.57,0.38,0.47,0.41,0.46,0.47,0.2,0.26,0.32,0.46,0.21,0.38,0.47,0.45,0.57,0.43,0.33,0.26,0.47,0.46,0.48,0.45,0.61,0.33,0.2,0.35,0.23,0.19,0.63,0.57,0.46,0.59,0.37,0.35,0.46,0.2,0.57,0.45,0.19,0.19,0.47,0.45,0.47,0.47,0.46,0.38,0.62,0.41,1.0,0.46,0.37,0.32,0.4
779424,0.4,0.43,0.43,0.3,0.28,0.35,0.29,0.39,0.34,0.45,0.22,0.43,0.29,0.45,0.38,0.4,0.43,0.63,0.42,0.27,0.37,0.23,0.38,0.45,0.52,0.49,0.36,0.25,0.4,0.34,0.37,0.43,0.39,0.24,0.38,0.38,0.24,0.46,0.92,0.18,0.56,0.24,0.52,0.34,0.56,0.12,0.21,0.43,0.42,0.3,0.51,0.36,0.4,1.0,0.33,0.94,0.45,0.29,0.24,0.21,0.24,0.44,0.59,0.29,0.49,0.5,0.4,0.21,0.29,0.79,0.4,0.41,0.39,0.46,0.17,0.46,0.39,0.91,0.31,0.96,0.56,0.29,0.29,0.46,0.46,0.74,0.39,0.21,0.39,0.46,0.46,0.25,0.46,0.36,0.46,0.56,0.31,0.44,0.25,0.46,0.41,0.34,0.29,0.21,0.39,0.49,0.26,0.46,0.59,0.26,0.46,0.46,0.23,0.46,0.46,0.46,0.51,0.56,0.23,0.46,0.25,0.29,0.46,0.31,0.79,0.4,0.33,0.38,0.86,0.34,0.39,0.23,0.41,0.3,0.26,0.33,0.49,0.4,0.46,0.46,0.66,0.29,0.39,0.4,0.28,0.46,0.21,0.4,0.46,0.34,0.34,0.38,0.39,0.3,0.49,0.94,0.46,0.39,0.21,0.34,0.36,0.46,0.31,0.29,0.39,0.44,0.66,0.53,0.41,0.36,0.45,0.46,0.49,0.46,0.46,0.24,0.21,0.29,0.24,0.24,0.51,0.39,0.46,0.47,0.25,0.29,0.46,0.25,0.39,0.91,0.24,0.34,0.39,0.46,0.47,0.36,0.36,0.39,0.49,0.46,0.41,0.46,0.29,0.36,1.0
784845,0.32,0.42,0.42,0.22,0.3,0.3,0.25,0.38,0.38,0.49,0.21,0.54,0.2,0.46,0.25,0.29,0.54,0.29,0.37,0.24,0.5,0.24,0.26,0.49,0.47,0.56,0.26,0.42,0.28,0.4,0.5,0.37,0.25,0.71,0.26,0.26,0.67,0.49,0.31,0.26,0.56,0.33,0.47,0.38,0.56,0.2,0.67,0.45,0.53,0.25,0.44,0.37,0.33,0.33,1.0,0.39,0.42,0.35,0.26,0.43,0.27,0.38,0.38,0.25,0.35,0.42,0.25,0.43,0.34,0.39,0.36,0.44,0.23,0.48,0.31,0.4,0.43,0.38,0.26,0.32,0.36,0.34,0.34,0.48,0.4,0.38,0.47,0.43,0.45,0.21,0.38,0.27,0.38,0.43,0.45,0.36,0.21,0.36,0.38,0.49,0.38,0.25,0.31,0.27,0.43,0.42,0.29,0.4,0.38,0.26,0.49,0.49,0.23,0.4,0.48,0.42,0.42,0.36,0.44,0.49,0.27,0.34,0.48,0.36,0.39,0.25,0.44,0.58,0.38,0.29,0.47,0.44,0.47,0.29,0.3,0.22,0.47,0.42,0.49,0.48,0.38,0.34,0.36,0.36,0.27,0.49,0.43,0.6,0.49,0.26,0.25,0.29,0.47,0.29,0.43,0.39,0.42,0.43,0.43,0.36,0.25,0.48,0.27,0.42,0.44,0.39,0.35,0.35,0.25,0.44,0.42,0.49,0.4,0.4,0.6,0.26,0.43,0.35,0.25,0.23,0.42,0.47,0.49,0.45,0.3,0.35,0.48,0.29,0.47,0.39,0.23,0.25,0.43,0.39,0.4,0.45,0.43,0.36,0.43,0.39,0.43,0.48,0.31,0.29,0.32
779382,0.44,0.46,0.46,0.31,0.28,0.44,0.29,0.44,0.34,0.49,0.22,0.46,0.29,0.48,0.42,0.4,0.46,0.58,0.44,0.27,0.4,0.26,0.38,0.49,0.53,0.51,0.37,0.25,0.48,0.36,0.4,0.45,0.36,0.32,0.38,0.38,0.27,0.49,0.89,0.21,0.58,0.48,0.53,0.35,0.58,0.12,0.31,0.46,0.45,0.3,0.52,0.38,0.41,0.94,0.39,1.0,0.38,0.26,0.2,0.2,0.2,0.38,0.49,0.23,0.42,0.45,0.32,0.2,0.26,0.67,0.38,0.36,0.38,0.41,0.16,0.42,0.33,0.83,0.32,0.77,0.47,0.23,0.26,0.39,0.41,0.6,0.35,0.2,0.33,0.37,0.43,0.2,0.43,0.31,0.43,0.47,0.28,0.37,0.23,0.41,0.39,0.28,0.26,0.17,0.33,0.45,0.21,0.42,0.49,0.22,0.41,0.41,0.2,0.42,0.39,0.42,0.45,0.47,0.21,0.41,0.2,0.23,0.41,0.27,0.67,0.32,0.28,0.31,0.79,0.27,0.35,0.21,0.36,0.24,0.22,0.26,0.42,0.36,0.41,0.41,0.56,0.26,0.35,0.39,0.22,0.41,0.21,0.36,0.41,0.28,0.33,0.31,0.35,0.24,0.43,1.0,0.41,0.33,0.2,0.28,0.35,0.41,0.26,0.24,0.35,0.36,0.63,0.46,0.37,0.31,0.38,0.41,0.45,0.42,0.42,0.19,0.2,0.26,0.19,0.19,0.45,0.35,0.41,0.43,0.2,0.26,0.41,0.19,0.35,0.79,0.19,0.28,0.33,0.41,0.43,0.31,0.31,0.37,0.41,0.42,0.35,0.41,0.24,0.31,0.77
740176,0.4,0.53,0.53,0.29,0.23,0.28,0.27,0.45,0.45,0.4,0.18,0.39,0.28,0.41,0.27,0.23,0.39,0.34,0.52,0.22,0.35,0.21,0.17,0.4,0.69,0.76,0.3,0.56,0.25,0.34,0.35,0.51,0.29,0.26,0.17,0.17,0.22,0.42,0.46,0.19,0.71,0.21,0.72,0.47,0.71,0.12,0.26,0.39,0.38,0.3,1.0,0.35,0.47,0.45,0.42,0.38,1.0,0.3,0.21,0.23,0.48,0.52,0.44,0.27,0.58,0.44,0.21,0.23,0.31,0.49,0.49,0.65,0.34,0.46,0.18,0.44,0.66,0.52,0.27,0.51,0.49,0.3,0.3,0.52,0.45,0.55,0.61,0.23,0.66,0.32,0.44,0.44,0.44,0.35,0.54,0.49,0.38,0.52,0.23,0.48,0.48,0.24,0.3,0.39,0.63,0.45,0.28,0.44,0.44,0.41,0.48,0.48,0.41,0.44,0.61,0.48,0.59,0.49,0.23,0.48,0.44,0.3,0.46,0.28,0.49,0.21,0.37,0.55,0.52,0.35,0.61,0.23,0.58,0.48,0.27,0.38,0.56,0.48,0.48,0.48,0.56,0.3,0.44,0.49,0.28,0.46,0.21,0.45,0.48,0.25,0.2,0.37,0.61,0.48,0.51,0.52,0.46,0.63,0.23,0.34,0.27,0.48,0.3,0.27,0.66,0.46,0.52,0.51,0.27,0.35,1.0,0.48,0.62,0.44,0.49,0.37,0.23,0.3,0.25,0.25,0.59,0.61,0.48,0.61,0.45,0.3,0.48,0.23,0.61,0.59,0.25,0.24,0.66,0.44,0.61,0.63,0.66,0.44,0.68,0.42,0.61,0.48,0.3,0.3,0.51
681840,0.33,0.37,0.37,0.22,0.19,0.24,0.27,0.32,0.43,0.66,0.19,0.87,0.21,0.54,0.18,0.23,1.0,0.28,0.36,0.15,0.88,0.2,0.19,0.66,0.41,0.36,0.28,0.31,0.33,0.72,0.88,0.38,0.26,0.66,0.19,0.19,0.56,0.64,0.27,0.21,0.42,0.27,0.41,0.23,0.42,0.17,0.62,0.57,0.96,0.32,0.3,0.3,0.35,0.29,0.35,0.26,0.3,1.0,0.41,0.65,0.41,0.43,0.54,0.35,0.48,0.57,0.33,0.65,0.93,0.46,0.54,0.5,0.52,0.96,0.44,0.76,0.41,0.46,0.76,0.43,0.52,0.89,0.96,0.78,0.72,0.46,0.46,0.65,0.48,0.43,0.98,0.43,0.98,0.61,0.5,0.52,0.48,0.46,0.46,0.96,0.41,0.35,0.91,0.33,0.41,0.56,0.35,0.76,0.5,0.52,0.96,0.96,0.39,0.76,0.8,0.5,0.5,0.52,0.67,0.96,0.43,0.87,0.96,0.69,0.46,0.33,0.81,0.46,0.46,0.54,0.43,0.67,0.44,0.46,0.33,0.46,0.63,0.41,0.96,0.93,0.44,0.94,0.5,0.56,0.44,1.0,0.67,0.41,0.96,0.37,0.33,0.46,0.44,0.46,0.59,0.46,0.83,0.41,0.65,0.33,0.48,0.94,0.39,0.96,0.41,0.48,0.46,0.44,0.48,0.67,0.39,0.87,0.54,0.76,0.78,0.43,0.65,0.98,0.35,0.26,0.5,0.46,0.96,0.52,0.43,0.98,0.83,0.41,0.46,0.43,0.26,0.35,0.41,0.54,0.52,0.43,0.39,0.5,0.46,0.44,0.48,0.93,0.93,0.8,0.43
140947,0.2,0.21,0.21,0.16,0.25,0.22,0.24,0.22,0.28,0.27,0.37,0.41,0.15,0.25,0.21,0.27,0.41,0.21,0.21,0.29,0.38,0.17,0.3,0.27,0.25,0.24,0.22,0.25,0.28,0.31,0.38,0.21,0.19,0.45,0.3,0.3,0.38,0.27,0.23,0.31,0.27,0.39,0.25,0.2,0.27,0.25,0.44,0.24,0.4,0.32,0.21,0.17,0.18,0.24,0.26,0.2,0.21,0.41,1.0,0.23,0.11,0.12,0.18,0.18,0.23,0.24,0.15,0.23,0.16,0.16,0.16,0.18,0.15,0.16,0.2,0.18,0.11,0.15,0.15,0.16,0.19,0.16,0.16,0.12,0.15,0.14,0.12,0.23,0.16,0.09,0.2,0.12,0.2,0.22,0.28,0.19,0.18,0.15,0.22,0.18,0.12,0.19,0.16,0.14,0.11,0.24,0.24,0.18,0.18,0.14,0.18,0.18,0.11,0.18,0.14,0.18,0.22,0.19,0.23,0.18,0.12,0.16,0.16,0.18,0.16,0.15,0.15,0.15,0.15,0.18,0.12,0.23,0.14,0.12,0.15,0.15,0.15,0.11,0.18,0.16,0.14,0.16,0.16,0.16,0.23,0.18,0.2,0.2,0.18,0.18,0.16,0.16,0.14,0.12,0.16,0.15,0.18,0.11,0.23,0.24,0.18,0.18,0.15,0.18,0.12,0.22,0.14,0.19,0.15,0.23,0.11,0.18,0.18,0.18,0.23,0.14,0.23,0.18,0.2,0.23,0.22,0.12,0.18,0.28,0.12,0.18,0.16,0.31,0.12,0.14,0.23,0.19,0.11,0.18,0.15,0.12,0.11,0.19,0.12,0.22,0.14,0.16,0.16,0.18,0.16
685987,0.21,0.24,0.24,0.15,0.19,0.21,0.23,0.24,0.31,0.43,0.21,0.67,0.15,0.3,0.17,0.25,0.65,0.19,0.22,0.2,0.6,0.16,0.3,0.43,0.27,0.27,0.19,0.33,0.29,0.46,0.6,0.23,0.18,0.89,0.3,0.3,0.76,0.42,0.2,0.21,0.31,0.36,0.27,0.2,0.31,0.21,1.0,0.32,0.62,0.22,0.23,0.31,0.2,0.21,0.43,0.2,0.23,0.65,0.23,1.0,0.26,0.23,0.33,0.31,0.26,0.41,0.31,1.0,0.54,0.33,0.38,0.33,0.31,0.44,0.62,0.49,0.26,0.31,0.36,0.21,0.26,0.49,0.56,0.46,0.44,0.28,0.31,1.0,0.33,0.21,0.62,0.28,0.62,0.87,0.38,0.26,0.31,0.26,0.59,0.59,0.26,0.33,0.51,0.28,0.26,0.36,0.31,0.49,0.26,0.31,0.59,0.59,0.26,0.49,0.56,0.36,0.41,0.26,0.87,0.59,0.28,0.49,0.44,0.67,0.33,0.31,0.51,0.31,0.31,0.33,0.28,0.87,0.31,0.28,0.26,0.26,0.49,0.26,0.59,0.44,0.21,0.56,0.41,0.38,0.33,0.62,0.82,0.28,0.59,0.31,0.28,0.28,0.31,0.28,0.33,0.31,0.44,0.26,1.0,0.33,0.33,0.44,0.28,0.56,0.26,0.33,0.26,0.33,0.33,0.9,0.26,0.59,0.44,0.49,0.79,0.31,1.0,0.62,0.28,0.31,0.41,0.31,0.59,0.38,0.28,0.62,0.54,0.41,0.31,0.28,0.31,0.33,0.26,0.33,0.31,0.28,0.26,0.41,0.28,0.31,0.31,0.44,0.51,0.36,0.21
736357,0.33,0.44,0.44,0.19,0.23,0.18,0.25,0.3,0.45,0.27,0.13,0.41,0.18,0.28,0.15,0.23,0.41,0.25,0.45,0.22,0.37,0.13,0.17,0.27,0.58,0.58,0.22,0.56,0.27,0.36,0.37,0.44,0.21,0.26,0.17,0.17,0.22,0.28,0.26,0.15,0.53,0.21,0.59,0.33,0.53,0.1,0.26,0.26,0.4,0.32,0.48,0.21,0.37,0.24,0.27,0.2,0.48,0.41,0.11,0.26,1.0,0.69,0.63,0.43,0.71,0.63,0.35,0.43,0.69,0.69,0.96,0.88,0.69,0.67,0.35,0.65,0.98,0.65,0.63,0.65,0.69,0.71,0.67,0.76,0.65,0.73,0.9,0.43,0.94,0.65,0.69,0.92,0.69,0.43,0.67,0.69,0.71,0.69,0.43,0.69,0.69,0.41,0.71,0.63,0.96,0.65,0.43,0.65,0.63,0.82,0.69,0.69,0.84,0.65,0.73,0.69,0.78,0.69,0.43,0.69,0.92,0.73,0.67,0.65,0.69,0.35,0.78,0.78,0.63,0.71,0.92,0.43,0.88,0.92,0.41,0.71,0.71,0.69,0.69,0.69,0.69,0.69,0.9,0.96,0.41,0.67,0.45,0.67,0.69,0.45,0.39,0.71,0.9,0.92,0.73,0.65,0.67,0.96,0.43,0.39,0.63,0.69,0.45,0.71,0.96,0.69,0.71,0.65,0.63,0.43,0.92,0.69,0.92,0.65,0.69,0.78,0.43,0.69,0.45,0.45,0.78,0.9,0.69,0.73,0.92,0.69,0.69,0.41,0.9,0.73,0.45,0.41,0.98,0.67,0.78,0.92,0.94,0.9,0.9,0.67,0.86,0.69,0.71,0.67,0.65
738360,0.72,0.54,0.54,0.36,0.18,0.31,0.27,0.55,0.34,0.43,0.15,0.43,0.33,0.42,0.27,0.17,0.43,0.48,0.57,0.22,0.38,0.23,0.17,0.43,0.73,0.61,0.43,0.28,0.32,0.34,0.38,0.62,0.4,0.24,0.17,0.17,0.24,0.43,0.42,0.18,0.62,0.27,0.73,0.39,0.62,0.12,0.23,0.4,0.42,0.33,0.52,0.41,0.51,0.44,0.38,0.38,0.52,0.43,0.12,0.23,0.69,1.0,0.46,0.23,0.6,0.47,0.23,0.21,0.35,0.63,0.6,0.62,0.39,0.47,0.19,0.52,0.64,0.49,0.36,0.47,0.49,0.35,0.35,0.47,0.47,0.62,0.55,0.21,0.61,0.37,0.6,0.39,0.62,0.32,0.53,0.49,0.42,0.64,0.23,0.47,0.83,0.22,0.35,0.23,0.6,0.47,0.24,0.52,0.45,0.33,0.47,0.47,0.31,0.52,0.51,0.68,0.69,0.49,0.21,0.47,0.39,0.37,0.47,0.37,0.63,0.23,0.37,0.52,0.49,0.39,0.48,0.21,0.62,0.38,0.23,0.41,0.6,0.79,0.47,0.47,0.62,0.37,0.6,0.6,0.23,0.47,0.22,0.57,0.47,0.22,0.21,0.41,0.67,0.38,0.49,0.49,0.47,0.64,0.21,0.31,0.37,0.47,0.24,0.35,0.6,0.46,0.63,0.51,0.36,0.32,0.48,0.47,0.6,0.52,0.59,0.34,0.21,0.37,0.23,0.23,0.69,0.55,0.47,0.71,0.35,0.37,0.47,0.23,0.55,0.48,0.23,0.22,0.6,0.49,0.68,0.45,0.45,0.59,0.58,0.46,0.59,0.47,0.35,0.37,0.47
765964,0.4,0.45,0.45,0.31,0.18,0.48,0.32,0.39,0.35,0.55,0.28,0.54,0.3,0.53,0.4,0.25,0.54,0.46,0.43,0.33,0.48,0.32,0.26,0.55,0.53,0.51,0.4,0.25,0.49,0.4,0.48,0.45,0.44,0.34,0.26,0.26,0.29,0.56,0.54,0.19,0.6,0.27,0.53,0.38,0.6,0.13,0.33,0.51,0.51,0.45,0.44,0.38,0.43,0.59,0.38,0.49,0.44,0.54,0.18,0.33,0.63,0.46,1.0,0.16,0.46,0.49,0.19,0.18,0.25,0.42,0.32,0.31,0.23,0.39,0.15,0.4,0.28,0.42,0.23,0.4,0.67,0.24,0.25,0.36,0.35,0.42,0.29,0.18,0.3,0.24,0.36,0.19,0.36,0.26,0.43,0.67,0.25,0.35,0.18,0.4,0.29,0.19,0.25,0.14,0.28,0.52,0.34,0.4,0.72,0.2,0.4,0.4,0.17,0.4,0.37,0.35,0.32,0.67,0.18,0.4,0.19,0.24,0.39,0.23,0.42,0.19,0.27,0.29,0.44,0.27,0.29,0.18,0.29,0.19,0.24,0.24,0.38,0.28,0.4,0.39,0.41,0.25,0.31,0.33,0.39,0.4,0.18,0.4,0.4,0.19,0.19,0.3,0.29,0.19,0.39,0.42,0.4,0.28,0.18,0.27,0.4,0.4,0.18,0.25,0.28,0.55,0.42,0.31,0.36,0.26,0.27,0.4,0.31,0.4,0.43,0.19,0.18,0.26,0.29,0.35,0.32,0.29,0.4,0.45,0.19,0.26,0.39,0.21,0.29,0.42,0.35,0.19,0.28,0.48,0.35,0.27,0.27,0.31,0.29,0.43,0.32,0.39,0.25,0.26,0.42
778934,0.21,0.21,0.21,0.18,0.4,0.17,0.26,0.23,0.29,0.21,0.24,0.35,0.17,0.22,0.15,0.56,0.35,0.23,0.21,0.29,0.32,0.13,0.36,0.21,0.26,0.29,0.17,0.31,0.28,0.28,0.32,0.2,0.2,0.32,0.36,0.36,0.27,0.22,0.3,0.21,0.33,0.33,0.26,0.19,0.33,0.14,0.31,0.21,0.35,0.3,0.27,0.19,0.19,0.29,0.25,0.23,0.27,0.35,0.18,0.31,0.43,0.23,0.16,1.0,0.33,0.33,0.43,0.29,0.26,0.29,0.33,0.31,0.24,0.24,0.26,0.24,0.29,0.33,0.24,0.33,0.31,0.21,0.24,0.36,0.24,0.33,0.29,0.29,0.33,0.33,0.24,0.21,0.24,0.29,0.26,0.31,0.24,0.38,0.29,0.26,0.26,0.71,0.24,0.24,0.29,0.31,0.4,0.24,0.21,0.26,0.26,0.26,0.24,0.24,0.31,0.21,0.4,0.31,0.21,0.26,0.21,0.21,0.24,0.21,0.29,0.43,0.24,0.33,0.33,0.26,0.31,0.21,0.26,0.21,0.21,0.31,0.24,0.24,0.26,0.26,0.4,0.24,0.33,0.33,0.36,0.24,0.36,0.26,0.26,0.64,0.57,0.31,0.29,0.21,0.5,0.33,0.26,0.29,0.29,0.24,0.24,0.26,0.52,0.26,0.29,0.29,0.29,0.4,0.24,0.29,0.24,0.26,0.21,0.24,0.31,0.26,0.29,0.24,0.33,0.36,0.4,0.29,0.26,0.26,0.29,0.24,0.26,0.4,0.29,0.33,0.36,0.74,0.29,0.24,0.33,0.31,0.29,0.33,0.29,0.24,0.26,0.26,0.24,0.31,0.33
776533,0.5,0.57,0.57,0.49,0.26,0.66,0.43,0.52,0.43,0.51,0.52,0.48,0.51,0.51,0.67,0.33,0.48,0.54,0.55,0.36,0.43,0.28,0.3,0.51,0.73,0.59,0.6,0.33,0.43,0.42,0.43,0.55,0.85,0.26,0.3,0.3,0.22,0.52,0.51,0.26,0.64,0.27,0.73,0.4,0.64,0.13,0.26,0.48,0.47,0.62,0.58,0.38,0.5,0.49,0.35,0.42,0.58,0.48,0.23,0.26,0.71,0.6,0.46,0.33,1.0,0.68,0.18,0.16,0.24,0.45,0.4,0.43,0.25,0.34,0.15,0.33,0.36,0.36,0.23,0.34,0.48,0.25,0.24,0.35,0.33,0.45,0.35,0.16,0.37,0.29,0.39,0.21,0.39,0.25,0.37,0.48,0.31,0.45,0.19,0.34,0.38,0.23,0.24,0.17,0.36,0.63,0.25,0.33,0.43,0.26,0.34,0.34,0.2,0.33,0.34,0.37,0.48,0.48,0.17,0.34,0.21,0.25,0.34,0.27,0.45,0.18,0.25,0.37,0.35,0.32,0.28,0.17,0.35,0.24,0.24,0.4,0.4,0.35,0.34,0.34,0.45,0.24,0.36,0.46,0.26,0.34,0.17,0.29,0.34,0.22,0.17,0.45,0.35,0.24,0.37,0.35,0.34,0.36,0.16,0.24,0.42,0.34,0.2,0.22,0.36,0.39,0.47,0.33,0.35,0.25,0.32,0.34,0.38,0.33,0.35,0.2,0.16,0.24,0.24,0.24,0.48,0.35,0.34,0.52,0.2,0.24,0.34,0.27,0.35,0.37,0.24,0.23,0.36,0.49,0.71,0.28,0.28,0.38,0.39,0.47,0.35,0.34,0.24,0.24,0.34
776473,0.42,0.45,0.45,0.36,0.23,0.69,0.42,0.45,0.4,0.57,0.57,0.57,0.41,0.54,0.65,0.27,0.57,0.46,0.44,0.31,0.52,0.32,0.21,0.57,0.53,0.51,0.44,0.25,0.47,0.43,0.52,0.45,0.65,0.42,0.21,0.21,0.42,0.57,0.48,0.29,0.62,0.36,0.53,0.38,0.62,0.21,0.41,0.52,0.56,0.63,0.44,0.38,0.48,0.5,0.42,0.45,0.44,0.57,0.24,0.41,0.63,0.47,0.49,0.33,0.68,1.0,0.23,0.23,0.26,0.43,0.39,0.36,0.25,0.41,0.21,0.41,0.29,0.4,0.25,0.35,0.48,0.25,0.27,0.37,0.37,0.41,0.3,0.23,0.34,0.21,0.38,0.19,0.38,0.31,0.5,0.48,0.28,0.37,0.25,0.41,0.32,0.15,0.27,0.14,0.29,0.87,0.23,0.41,0.51,0.24,0.41,0.41,0.17,0.41,0.38,0.35,0.38,0.48,0.23,0.41,0.19,0.25,0.41,0.29,0.43,0.23,0.26,0.38,0.4,0.3,0.3,0.23,0.31,0.2,0.27,0.32,0.44,0.3,0.41,0.41,0.39,0.27,0.35,0.47,0.3,0.42,0.25,0.34,0.41,0.2,0.19,0.39,0.31,0.2,0.47,0.4,0.42,0.29,0.23,0.28,0.44,0.41,0.18,0.28,0.3,0.44,0.45,0.34,0.32,0.31,0.28,0.41,0.32,0.41,0.48,0.21,0.23,0.28,0.24,0.22,0.38,0.3,0.41,0.47,0.21,0.28,0.41,0.32,0.3,0.37,0.22,0.15,0.29,0.63,0.67,0.28,0.27,0.37,0.33,0.58,0.36,0.41,0.27,0.31,0.35
779052,0.2,0.21,0.21,0.16,0.35,0.21,0.16,0.22,0.29,0.22,0.25,0.33,0.14,0.22,0.19,0.6,0.33,0.36,0.2,0.24,0.32,0.15,0.47,0.22,0.22,0.22,0.19,0.22,0.36,0.25,0.32,0.2,0.18,0.32,0.47,0.47,0.31,0.22,0.38,0.21,0.25,0.48,0.22,0.21,0.25,0.17,0.31,0.21,0.33,0.26,0.21,0.17,0.19,0.4,0.25,0.32,0.21,0.33,0.15,0.31,0.35,0.23,0.19,0.43,0.18,0.23,1.0,0.21,0.18,0.37,0.25,0.18,0.26,0.18,0.19,0.21,0.14,0.35,0.26,0.3,0.21,0.18,0.18,0.16,0.18,0.37,0.19,0.21,0.16,0.3,0.21,0.14,0.21,0.21,0.26,0.21,0.18,0.21,0.28,0.18,0.21,0.35,0.18,0.14,0.14,0.28,0.3,0.21,0.21,0.18,0.18,0.18,0.12,0.21,0.16,0.21,0.26,0.21,0.21,0.18,0.14,0.18,0.18,0.19,0.37,1.0,0.19,0.21,0.32,0.18,0.16,0.21,0.19,0.14,0.23,0.18,0.16,0.19,0.18,0.18,0.37,0.18,0.21,0.3,0.21,0.18,0.21,0.25,0.18,0.51,0.54,0.21,0.19,0.14,0.26,0.3,0.21,0.14,0.21,0.26,0.3,0.18,0.33,0.19,0.16,0.19,0.4,0.58,0.25,0.21,0.16,0.19,0.32,0.21,0.25,0.14,0.21,0.18,0.16,0.23,0.26,0.19,0.18,0.23,0.14,0.18,0.19,0.28,0.19,0.3,0.23,0.35,0.14,0.19,0.19,0.16,0.14,0.26,0.18,0.14,0.16,0.18,0.19,0.26,0.3
749620,0.21,0.24,0.24,0.15,0.19,0.21,0.23,0.24,0.31,0.43,0.21,0.67,0.15,0.3,0.17,0.25,0.65,0.19,0.22,0.2,0.6,0.16,0.3,0.43,0.27,0.27,0.19,0.33,0.29,0.46,0.6,0.23,0.18,0.89,0.3,0.3,0.76,0.42,0.2,0.21,0.31,0.36,0.27,0.2,0.31,0.21,1.0,0.32,0.62,0.22,0.23,0.31,0.2,0.21,0.43,0.2,0.23,0.65,0.23,1.0,0.43,0.21,0.18,0.29,0.16,0.23,0.21,1.0,0.54,0.33,0.38,0.33,0.31,0.44,0.62,0.49,0.26,0.31,0.36,0.21,0.26,0.49,0.56,0.46,0.44,0.28,0.31,1.0,0.33,0.21,0.62,0.28,0.62,0.87,0.38,0.26,0.31,0.26,0.59,0.59,0.26,0.33,0.51,0.28,0.26,0.36,0.31,0.49,0.26,0.31,0.59,0.59,0.26,0.49,0.56,0.36,0.41,0.26,0.87,0.59,0.28,0.49,0.44,0.67,0.33,0.31,0.51,0.31,0.31,0.33,0.28,0.87,0.31,0.28,0.26,0.26,0.49,0.26,0.59,0.44,0.21,0.56,0.41,0.38,0.33,0.62,0.82,0.28,0.59,0.31,0.28,0.28,0.31,0.28,0.33,0.31,0.44,0.26,1.0,0.33,0.33,0.44,0.28,0.56,0.26,0.33,0.26,0.33,0.33,0.9,0.26,0.59,0.44,0.49,0.79,0.31,1.0,0.62,0.28,0.31,0.41,0.31,0.59,0.38,0.28,0.62,0.54,0.41,0.31,0.28,0.31,0.33,0.26,0.33,0.31,0.28,0.26,0.41,0.28,0.31,0.31,0.44,0.51,0.36,0.21
688326,0.34,0.35,0.35,0.21,0.19,0.24,0.27,0.4,0.42,0.61,0.16,0.8,0.2,0.65,0.18,0.25,0.93,0.28,0.37,0.16,0.82,0.19,0.19,0.61,0.42,0.37,0.28,0.31,0.33,0.7,0.82,0.37,0.25,0.58,0.19,0.19,0.49,0.63,0.27,0.19,0.49,0.27,0.42,0.23,0.49,0.15,0.54,0.68,0.91,0.33,0.31,0.29,0.34,0.29,0.34,0.26,0.31,0.93,0.16,0.54,0.69,0.35,0.25,0.26,0.24,0.26,0.18,0.54,1.0,0.42,0.47,0.49,0.47,0.98,0.37,0.69,0.39,0.42,0.68,0.39,0.46,0.8,0.98,0.71,0.64,0.44,0.39,0.54,0.46,0.39,0.83,0.39,0.83,0.68,0.42,0.46,0.42,0.42,0.41,0.86,0.39,0.32,0.81,0.31,0.39,0.51,0.31,0.69,0.44,0.46,0.86,0.86,0.37,0.69,0.69,0.42,0.49,0.46,0.56,0.86,0.39,0.78,0.98,0.61,0.42,0.31,0.73,0.42,0.42,0.51,0.42,0.56,0.39,0.42,0.31,0.41,0.56,0.39,0.86,1.0,0.42,0.97,0.44,0.49,0.39,0.85,0.58,0.37,0.86,0.34,0.32,0.42,0.39,0.42,0.56,0.42,0.75,0.39,0.54,0.32,0.44,0.95,0.36,0.93,0.39,0.42,0.42,0.41,0.44,0.56,0.37,0.78,0.39,0.69,0.66,0.37,0.54,0.83,0.32,0.24,0.49,0.39,0.86,0.51,0.42,0.83,0.92,0.37,0.39,0.39,0.24,0.32,0.39,0.47,0.46,0.42,0.37,0.44,0.41,0.41,0.42,1.0,0.81,0.71,0.39
721305,0.53,0.59,0.59,0.37,0.25,0.39,0.31,0.59,0.37,0.5,0.22,0.46,0.36,0.49,0.39,0.44,0.46,1.0,0.57,0.29,0.42,0.28,0.38,0.5,0.72,0.56,0.46,0.31,0.4,0.37,0.42,0.56,0.49,0.34,0.38,0.38,0.36,0.51,0.75,0.19,0.64,0.33,0.72,0.36,0.64,0.17,0.33,0.47,0.45,0.38,0.49,0.35,0.55,0.79,0.39,0.67,0.49,0.46,0.16,0.33,0.69,0.63,0.42,0.29,0.45,0.43,0.37,0.33,0.42,1.0,0.46,0.48,0.43,0.4,0.16,0.42,0.43,0.72,0.3,0.62,0.47,0.28,0.28,0.41,0.46,0.74,0.44,0.19,0.37,0.4,0.49,0.26,0.49,0.26,0.43,0.47,0.32,0.51,0.24,0.4,0.46,0.26,0.28,0.2,0.43,0.45,0.22,0.42,0.46,0.26,0.4,0.4,0.24,0.42,0.42,0.5,0.54,0.47,0.2,0.4,0.26,0.29,0.4,0.29,1.0,0.36,0.31,0.41,0.69,0.32,0.35,0.2,0.44,0.29,0.21,0.31,0.41,0.44,0.4,0.4,0.73,0.29,0.45,0.46,0.22,0.4,0.19,0.43,0.4,0.28,0.25,0.34,0.44,0.29,0.47,0.58,0.4,0.43,0.19,0.25,0.32,0.4,0.25,0.28,0.44,0.39,0.81,0.54,0.34,0.26,0.34,0.4,0.5,0.42,0.49,0.25,0.19,0.29,0.22,0.22,0.54,0.44,0.4,0.57,0.26,0.29,0.4,0.22,0.44,0.65,0.22,0.26,0.43,0.41,0.55,0.33,0.33,0.46,0.48,0.38,0.46,0.4,0.28,0.32,0.63
740090,0.76,0.8,0.8,0.35,0.28,0.35,0.27,0.64,0.48,0.52,0.21,0.54,0.34,0.51,0.26,0.33,0.54,0.46,0.83,0.22,0.5,0.27,0.26,0.52,0.75,0.59,0.38,0.56,0.31,0.39,0.5,0.81,0.38,0.39,0.26,0.26,0.36,0.54,0.38,0.23,0.65,0.3,0.78,0.4,0.65,0.14,0.38,0.48,0.51,0.36,0.49,0.32,0.53,0.4,0.36,0.38,0.49,0.54,0.16,0.38,0.96,0.6,0.32,0.33,0.4,0.39,0.25,0.38,0.47,0.46,1.0,0.6,0.34,0.42,0.2,0.44,0.55,0.39,0.35,0.36,0.41,0.34,0.34,0.45,0.42,0.59,0.65,0.24,0.55,0.31,0.51,0.39,0.51,0.31,0.42,0.41,0.35,0.47,0.24,0.44,0.49,0.22,0.34,0.27,0.54,0.43,0.22,0.44,0.37,0.36,0.44,0.44,0.38,0.44,0.43,0.53,0.62,0.41,0.24,0.44,0.39,0.36,0.42,0.31,0.48,0.21,0.39,0.59,0.38,0.36,0.48,0.24,0.65,0.45,0.2,0.35,0.41,0.66,0.44,0.43,0.47,0.36,0.62,1.0,0.22,0.43,0.26,0.48,0.44,0.25,0.22,0.36,0.71,0.45,0.44,0.4,0.41,0.54,0.24,0.27,0.31,0.44,0.24,0.35,0.56,0.42,0.47,0.39,0.31,0.3,0.44,0.44,0.8,0.44,0.51,0.35,0.24,0.37,0.23,0.22,0.62,0.65,0.44,0.57,0.4,0.37,0.43,0.24,0.65,0.41,0.22,0.22,0.55,0.43,0.63,0.46,0.49,0.73,0.52,0.46,0.51,0.43,0.34,0.35,0.36
722069,0.62,0.71,0.71,0.4,0.23,0.33,0.28,0.6,0.83,0.49,0.22,0.5,0.4,0.47,0.28,0.23,0.5,0.48,0.77,0.22,0.45,0.26,0.21,0.49,0.86,0.78,0.44,0.58,0.29,0.43,0.45,0.75,0.41,0.34,0.21,0.21,0.29,0.48,0.43,0.21,0.8,0.24,0.86,0.52,0.8,0.18,0.33,0.45,0.49,0.33,0.65,0.37,1.0,0.41,0.44,0.36,0.65,0.5,0.18,0.33,0.88,0.62,0.31,0.31,0.43,0.36,0.18,0.33,0.49,0.48,0.6,1.0,0.33,0.38,0.15,0.38,0.44,0.35,0.31,0.35,0.38,0.33,0.34,0.39,0.37,0.51,0.44,0.17,0.5,0.32,0.41,0.34,0.41,0.2,0.36,0.38,0.35,0.46,0.19,0.38,0.41,0.18,0.33,0.22,0.44,0.37,0.19,0.38,0.34,0.44,0.38,0.38,0.32,0.38,0.41,0.47,0.55,0.38,0.17,0.38,0.34,0.33,0.38,0.33,0.44,0.16,0.35,0.51,0.36,0.37,0.39,0.17,0.45,0.37,0.18,0.36,0.39,0.46,0.38,0.38,0.47,0.35,0.39,0.5,0.2,0.38,0.17,0.39,0.38,0.18,0.16,0.36,0.49,0.37,0.38,0.36,0.38,0.44,0.17,0.2,0.29,0.38,0.18,0.33,0.45,0.38,0.44,0.38,0.31,0.2,0.39,0.38,0.48,0.38,0.46,0.32,0.17,0.33,0.18,0.18,0.55,0.44,0.38,0.52,0.33,0.33,0.38,0.18,0.44,0.37,0.18,0.18,0.44,0.38,0.49,0.38,0.39,0.39,0.49,0.36,0.65,0.38,0.33,0.33,0.35
779132,0.36,0.36,0.36,0.24,0.16,0.3,0.3,0.34,0.4,0.34,0.18,0.52,0.24,0.35,0.26,0.21,0.52,0.43,0.38,0.2,0.47,0.19,0.26,0.34,0.43,0.37,0.27,0.31,0.4,0.42,0.47,0.38,0.28,0.32,0.26,0.26,0.27,0.35,0.36,0.16,0.38,0.52,0.43,0.26,0.38,0.12,0.31,0.32,0.51,0.33,0.34,0.24,0.33,0.39,0.23,0.38,0.34,0.52,0.15,0.31,0.69,0.39,0.23,0.24,0.25,0.25,0.26,0.31,0.47,0.43,0.34,0.33,1.0,0.59,0.34,0.61,0.47,0.84,0.67,0.66,0.54,0.57,0.59,0.59,0.57,0.67,0.47,0.4,0.49,0.64,0.63,0.47,0.63,0.4,0.6,0.54,0.59,0.54,0.4,0.59,0.59,0.39,0.59,0.37,0.47,0.59,0.4,0.61,0.57,0.53,0.59,0.59,0.44,0.61,0.59,0.56,0.63,0.54,0.4,0.59,0.47,0.59,0.59,0.6,0.81,0.43,0.59,0.47,0.81,0.6,0.47,0.4,0.47,0.54,0.4,0.59,0.59,0.5,0.59,0.59,0.59,0.6,0.5,0.57,0.43,0.59,0.41,0.47,0.59,0.4,0.44,0.63,0.47,0.54,0.63,0.76,0.59,0.47,0.4,0.44,0.66,0.59,0.39,0.59,0.47,0.53,0.74,0.61,0.66,0.4,0.47,0.6,0.59,0.61,0.59,0.44,0.4,0.6,0.37,0.34,0.63,0.47,0.59,0.66,0.47,0.6,0.6,0.41,0.47,0.67,0.34,0.39,0.47,0.57,0.61,0.46,0.44,0.5,0.53,0.54,0.49,0.59,0.59,0.61,0.67
750802,0.4,0.48,0.48,0.27,0.19,0.39,0.27,0.51,0.43,0.98,0.18,0.83,0.27,0.92,0.29,0.23,0.96,0.4,0.46,0.2,0.85,0.32,0.26,0.98,0.56,0.54,0.39,0.31,0.33,0.72,0.85,0.46,0.36,0.61,0.26,0.26,0.47,0.96,0.44,0.19,0.69,0.27,0.56,0.36,0.69,0.16,0.44,0.99,0.95,0.32,0.46,0.46,0.47,0.46,0.48,0.41,0.46,0.96,0.16,0.44,0.67,0.47,0.39,0.24,0.34,0.41,0.18,0.44,0.98,0.4,0.42,0.38,0.59,1.0,0.34,0.77,0.39,0.45,0.45,0.42,0.51,0.55,0.68,0.73,0.75,0.47,0.41,0.32,0.44,0.26,0.74,0.26,0.74,0.47,0.44,0.51,0.28,0.45,0.36,0.89,0.39,0.2,0.56,0.2,0.39,0.52,0.22,0.77,0.49,0.32,0.89,0.89,0.24,0.77,0.73,0.44,0.45,0.51,0.39,0.89,0.26,0.53,1.0,0.44,0.47,0.2,0.49,0.44,0.45,0.33,0.41,0.39,0.4,0.28,0.19,0.28,0.55,0.36,0.89,0.98,0.47,0.67,0.42,0.48,0.27,0.91,0.34,0.36,0.89,0.22,0.2,0.3,0.4,0.28,0.55,0.45,0.82,0.39,0.32,0.31,0.31,0.94,0.25,0.65,0.39,0.44,0.47,0.42,0.31,0.41,0.38,0.77,0.43,0.77,0.66,0.26,0.32,0.58,0.24,0.18,0.45,0.41,0.89,0.5,0.27,0.58,0.86,0.24,0.41,0.43,0.18,0.2,0.39,0.5,0.47,0.41,0.36,0.42,0.43,0.44,0.45,0.98,0.57,0.49,0.42
793061,0.19,0.21,0.21,0.14,0.18,0.2,0.22,0.2,0.25,0.37,0.19,0.46,0.14,0.28,0.15,0.23,0.44,0.16,0.19,0.18,0.4,0.16,0.3,0.37,0.21,0.2,0.17,0.28,0.25,0.34,0.4,0.2,0.16,0.63,0.3,0.3,0.62,0.37,0.17,0.19,0.25,0.33,0.21,0.19,0.25,0.18,0.62,0.34,0.42,0.18,0.18,0.28,0.16,0.17,0.31,0.16,0.18,0.44,0.2,0.62,0.35,0.19,0.15,0.26,0.15,0.21,0.19,0.62,0.37,0.16,0.2,0.15,0.34,0.34,1.0,0.56,0.18,0.26,0.31,0.18,0.23,0.31,0.33,0.36,0.51,0.26,0.21,0.62,0.26,0.15,0.59,0.21,0.59,0.69,0.33,0.23,0.28,0.23,0.67,0.51,0.23,0.31,0.33,0.21,0.18,0.31,0.31,0.56,0.26,0.21,0.51,0.51,0.18,0.56,0.41,0.44,0.38,0.23,0.62,0.51,0.21,0.31,0.51,0.64,0.31,0.28,0.28,0.28,0.26,0.28,0.21,0.62,0.21,0.21,0.26,0.26,0.51,0.21,0.51,0.51,0.18,0.33,0.31,0.28,0.31,0.51,0.67,0.26,0.51,0.28,0.26,0.26,0.21,0.21,0.31,0.26,0.51,0.18,0.62,0.33,0.28,0.51,0.28,0.33,0.18,0.28,0.23,0.31,0.28,0.74,0.18,0.33,0.38,0.56,0.49,0.28,0.62,0.36,0.23,0.28,0.38,0.21,0.51,0.36,0.21,0.36,0.38,0.36,0.21,0.26,0.28,0.31,0.18,0.28,0.28,0.21,0.18,0.31,0.21,0.28,0.21,0.51,0.33,0.31,0.18
750836,0.45,0.49,0.49,0.28,0.18,0.41,0.28,0.49,0.4,0.83,0.16,0.65,0.27,0.7,0.32,0.21,0.76,0.42,0.47,0.24,0.78,0.34,0.28,0.83,0.57,0.58,0.37,0.33,0.37,0.61,0.78,0.48,0.36,0.47,0.28,0.28,0.49,0.84,0.44,0.19,0.64,0.33,0.57,0.5,0.64,0.14,0.49,0.78,0.73,0.36,0.44,0.42,0.45,0.46,0.4,0.42,0.44,0.76,0.18,0.49,0.65,0.52,0.4,0.24,0.33,0.41,0.21,0.49,0.69,0.42,0.44,0.38,0.61,0.77,0.56,1.0,0.38,0.41,0.51,0.37,0.47,0.4,0.44,0.57,0.77,0.47,0.38,0.33,0.4,0.23,0.87,0.24,0.91,0.45,0.44,0.47,0.29,0.43,0.36,0.72,0.39,0.19,0.41,0.2,0.36,0.5,0.2,1.0,0.46,0.29,0.72,0.72,0.21,1.0,0.59,0.41,0.44,0.47,0.32,0.72,0.24,0.46,0.72,0.44,0.45,0.21,0.39,0.38,0.41,0.31,0.37,0.32,0.37,0.26,0.19,0.29,0.43,0.36,0.72,0.72,0.43,0.5,0.44,0.47,0.23,0.72,0.35,0.36,0.72,0.2,0.19,0.3,0.38,0.26,0.51,0.41,0.71,0.38,0.33,0.33,0.31,0.73,0.21,0.44,0.36,0.43,0.41,0.43,0.31,0.46,0.33,0.62,0.43,1.0,0.53,0.24,0.33,0.5,0.22,0.19,0.44,0.38,0.72,0.51,0.23,0.5,0.62,0.24,0.38,0.44,0.19,0.19,0.36,0.48,0.46,0.39,0.34,0.44,0.38,0.41,0.4,0.72,0.41,0.45,0.37
736120,0.54,0.72,0.72,0.29,0.25,0.29,0.26,0.53,0.46,0.41,0.15,0.41,0.28,0.42,0.24,0.27,0.41,0.43,0.67,0.22,0.4,0.21,0.19,0.41,0.93,0.81,0.37,0.56,0.27,0.36,0.4,0.66,0.35,0.26,0.19,0.19,0.22,0.43,0.4,0.15,0.78,0.21,0.95,0.47,0.78,0.1,0.26,0.4,0.4,0.33,0.66,0.32,0.47,0.39,0.43,0.33,0.66,0.41,0.11,0.26,0.98,0.64,0.28,0.29,0.36,0.29,0.14,0.26,0.39,0.43,0.55,0.44,0.47,0.39,0.18,0.38,1.0,0.48,0.35,0.47,0.51,0.37,0.37,0.54,0.49,0.64,0.81,0.25,0.8,0.36,0.64,0.54,0.66,0.36,0.54,0.51,0.38,0.64,0.22,0.52,0.67,0.22,0.37,0.36,0.84,0.49,0.24,0.54,0.48,0.46,0.52,0.52,0.47,0.54,0.54,0.7,0.72,0.51,0.25,0.52,0.54,0.4,0.51,0.36,0.65,0.2,0.44,0.69,0.48,0.39,0.66,0.25,0.78,0.52,0.24,0.4,0.51,0.67,0.52,0.52,0.65,0.4,0.64,0.72,0.24,0.51,0.26,0.53,0.52,0.25,0.22,0.39,0.81,0.52,0.53,0.48,0.51,0.98,0.25,0.35,0.35,0.52,0.26,0.37,0.84,0.55,0.67,0.48,0.35,0.36,0.65,0.52,0.7,0.54,0.52,0.47,0.25,0.4,0.25,0.25,0.72,0.81,0.52,0.73,0.52,0.4,0.52,0.24,0.81,0.54,0.25,0.22,0.87,0.52,0.72,0.66,0.69,0.64,0.8,0.51,0.61,0.52,0.37,0.35,0.47
779080,0.43,0.44,0.44,0.3,0.28,0.45,0.3,0.42,0.34,0.49,0.24,0.46,0.29,0.48,0.44,0.4,0.46,0.72,0.43,0.27,0.4,0.26,0.38,0.49,0.53,0.51,0.38,0.28,0.48,0.36,0.4,0.44,0.37,0.32,0.38,0.38,0.27,0.49,0.89,0.21,0.58,0.52,0.53,0.35,0.58,0.12,0.31,0.46,0.45,0.3,0.52,0.38,0.41,0.91,0.38,0.83,0.52,0.46,0.15,0.31,0.65,0.49,0.42,0.33,0.36,0.4,0.35,0.31,0.42,0.72,0.39,0.35,0.84,0.45,0.26,0.41,0.48,1.0,0.33,0.8,0.49,0.24,0.27,0.4,0.43,0.69,0.34,0.21,0.34,0.43,0.45,0.21,0.45,0.32,0.45,0.49,0.27,0.38,0.24,0.43,0.4,0.29,0.27,0.19,0.34,0.47,0.22,0.44,0.51,0.23,0.43,0.43,0.2,0.44,0.4,0.43,0.47,0.49,0.22,0.43,0.21,0.24,0.43,0.28,0.78,0.39,0.29,0.32,0.91,0.29,0.34,0.22,0.36,0.26,0.23,0.28,0.44,0.36,0.43,0.43,0.59,0.27,0.36,0.39,0.23,0.43,0.22,0.37,0.43,0.29,0.35,0.33,0.34,0.26,0.45,0.86,0.43,0.34,0.21,0.29,0.37,0.43,0.27,0.26,0.34,0.37,0.69,0.49,0.38,0.32,0.39,0.43,0.48,0.44,0.44,0.2,0.21,0.27,0.2,0.2,0.47,0.34,0.43,0.45,0.21,0.27,0.43,0.26,0.34,0.78,0.2,0.29,0.34,0.43,0.45,0.32,0.32,0.36,0.43,0.41,0.36,0.43,0.26,0.32,0.78
691010,0.33,0.32,0.32,0.2,0.18,0.31,0.25,0.36,0.37,0.5,0.15,0.63,0.2,0.42,0.24,0.21,0.76,0.3,0.34,0.2,0.67,0.2,0.28,0.5,0.38,0.32,0.25,0.28,0.43,0.61,0.67,0.34,0.25,0.37,0.28,0.28,0.31,0.51,0.3,0.16,0.36,0.48,0.38,0.23,0.36,0.12,0.36,0.46,0.75,0.34,0.27,0.25,0.31,0.31,0.26,0.32,0.27,0.76,0.15,0.36,0.63,0.36,0.23,0.24,0.23,0.25,0.26,0.36,0.68,0.3,0.35,0.31,0.67,0.45,0.31,0.51,0.35,0.33,1.0,0.37,0.37,0.55,0.6,0.52,0.9,0.46,0.3,0.37,0.31,0.33,0.73,0.3,0.73,0.64,0.37,0.37,0.36,0.34,0.37,0.61,0.39,0.27,0.57,0.22,0.3,0.43,0.27,0.69,0.39,0.37,0.61,0.61,0.28,0.69,0.51,0.34,0.42,0.37,0.37,0.61,0.3,0.54,0.6,0.46,0.4,0.34,0.54,0.31,0.46,0.4,0.3,0.37,0.3,0.33,0.27,0.36,0.36,0.31,0.61,0.6,0.39,0.58,0.42,0.48,0.31,0.61,0.4,0.39,0.61,0.28,0.33,0.37,0.3,0.33,0.45,0.46,0.57,0.3,0.37,0.49,0.49,0.6,0.28,0.6,0.3,0.34,0.39,0.42,0.49,0.49,0.28,0.54,0.46,0.69,0.48,0.28,0.37,0.6,0.24,0.22,0.42,0.3,0.61,0.45,0.3,0.6,0.52,0.31,0.3,0.42,0.22,0.27,0.3,0.39,0.37,0.31,0.28,0.42,0.31,0.37,0.33,0.6,0.57,0.64,0.37
779649,0.4,0.43,0.43,0.29,0.28,0.35,0.29,0.39,0.34,0.45,0.22,0.43,0.28,0.45,0.36,0.4,0.43,0.62,0.42,0.27,0.37,0.23,0.38,0.45,0.52,0.49,0.33,0.25,0.39,0.36,0.37,0.43,0.35,0.24,0.38,0.38,0.24,0.46,0.94,0.18,0.56,0.24,0.52,0.35,0.56,0.12,0.21,0.43,0.42,0.3,0.51,0.37,0.4,0.96,0.32,0.77,0.51,0.43,0.16,0.21,0.65,0.47,0.4,0.33,0.34,0.35,0.3,0.21,0.39,0.62,0.36,0.35,0.66,0.42,0.18,0.37,0.47,0.8,0.37,1.0,0.56,0.3,0.29,0.46,0.46,0.74,0.39,0.21,0.39,0.46,0.46,0.26,0.46,0.36,0.46,0.56,0.31,0.44,0.25,0.46,0.41,0.34,0.29,0.21,0.39,0.49,0.26,0.46,0.56,0.26,0.46,0.46,0.23,0.46,0.46,0.46,0.51,0.56,0.23,0.46,0.26,0.3,0.46,0.31,0.78,0.4,0.33,0.38,0.84,0.33,0.39,0.23,0.42,0.31,0.26,0.31,0.5,0.4,0.46,0.46,0.66,0.29,0.39,0.4,0.28,0.46,0.21,0.4,0.46,0.34,0.34,0.38,0.39,0.31,0.49,0.94,0.46,0.39,0.21,0.34,0.35,0.46,0.31,0.29,0.39,0.41,0.66,0.53,0.4,0.36,0.45,0.46,0.49,0.46,0.46,0.24,0.21,0.29,0.24,0.24,0.51,0.39,0.46,0.47,0.25,0.29,0.46,0.25,0.39,0.89,0.24,0.34,0.39,0.46,0.47,0.36,0.36,0.39,0.49,0.46,0.41,0.46,0.29,0.36,0.96
776577,0.4,0.48,0.48,0.36,0.23,0.5,0.39,0.41,0.4,0.55,0.31,0.52,0.33,0.53,0.38,0.29,0.52,0.47,0.47,0.47,0.47,0.32,0.26,0.55,0.56,0.56,0.44,0.33,0.53,0.4,0.47,0.46,0.51,0.26,0.26,0.26,0.22,0.54,0.57,0.26,0.65,0.24,0.56,0.4,0.65,0.11,0.26,0.51,0.51,0.51,0.49,0.35,0.47,0.56,0.36,0.47,0.49,0.52,0.19,0.26,0.69,0.49,0.67,0.31,0.48,0.48,0.21,0.26,0.46,0.47,0.41,0.38,0.54,0.51,0.23,0.47,0.51,0.49,0.37,0.56,1.0,0.23,0.24,0.41,0.37,0.42,0.32,0.16,0.34,0.23,0.37,0.2,0.37,0.25,0.35,1.0,0.24,0.38,0.18,0.38,0.29,0.22,0.23,0.15,0.3,0.5,0.36,0.38,0.74,0.21,0.38,0.38,0.19,0.38,0.43,0.38,0.39,1.0,0.16,0.38,0.2,0.23,0.39,0.23,0.43,0.18,0.26,0.33,0.4,0.25,0.31,0.16,0.3,0.21,0.25,0.31,0.37,0.28,0.38,0.38,0.43,0.24,0.3,0.33,0.38,0.39,0.15,0.43,0.38,0.23,0.17,0.31,0.31,0.21,0.44,0.4,0.38,0.3,0.16,0.27,0.48,0.38,0.2,0.24,0.3,0.58,0.45,0.33,0.4,0.25,0.3,0.38,0.3,0.38,0.38,0.21,0.16,0.24,0.33,0.42,0.39,0.32,0.38,0.43,0.21,0.24,0.38,0.23,0.32,0.43,0.42,0.22,0.3,0.47,0.48,0.3,0.29,0.3,0.34,0.43,0.35,0.38,0.24,0.25,0.39
682053,0.33,0.36,0.36,0.22,0.21,0.23,0.27,0.31,0.48,0.59,0.18,0.76,0.21,0.51,0.17,0.23,0.89,0.28,0.36,0.16,0.78,0.19,0.21,0.59,0.41,0.36,0.28,0.36,0.32,0.93,0.78,0.38,0.27,0.53,0.21,0.21,0.44,0.58,0.27,0.18,0.42,0.24,0.41,0.26,0.42,0.15,0.49,0.54,0.87,0.33,0.3,0.39,0.37,0.29,0.34,0.23,0.3,0.89,0.16,0.49,0.71,0.35,0.24,0.21,0.25,0.25,0.18,0.49,0.8,0.28,0.34,0.33,0.57,0.55,0.31,0.4,0.37,0.24,0.55,0.3,0.23,1.0,0.7,0.57,0.59,0.36,0.35,0.43,0.39,0.39,0.68,0.41,0.68,0.43,0.36,0.39,0.35,0.41,0.42,0.68,0.33,0.28,0.78,0.29,0.35,0.42,0.29,0.59,0.38,0.45,0.68,0.68,0.32,0.59,0.58,0.38,0.42,0.39,0.45,0.68,0.41,0.93,0.7,0.57,0.36,0.25,0.62,0.36,0.35,0.46,0.36,0.45,0.39,0.43,0.25,0.35,0.65,0.32,0.68,0.68,0.36,0.68,0.36,0.39,0.33,0.7,0.45,0.3,0.68,0.29,0.26,0.36,0.36,0.43,0.46,0.35,0.62,0.35,0.43,0.23,0.36,0.68,0.32,0.81,0.35,0.39,0.36,0.35,0.36,0.45,0.33,0.61,0.41,0.59,0.54,0.41,0.43,0.68,0.28,0.22,0.42,0.35,0.68,0.41,0.38,0.68,0.61,0.29,0.35,0.38,0.22,0.28,0.35,0.39,0.39,0.36,0.33,0.36,0.38,0.35,0.42,0.68,0.8,0.68,0.33
688548,0.33,0.37,0.37,0.21,0.19,0.24,0.27,0.39,0.43,0.63,0.18,0.83,0.21,0.64,0.18,0.23,0.96,0.28,0.36,0.15,0.85,0.19,0.19,0.63,0.41,0.36,0.29,0.31,0.33,0.72,0.85,0.38,0.25,0.61,0.19,0.19,0.51,0.62,0.27,0.19,0.47,0.27,0.41,0.23,0.47,0.16,0.56,0.67,0.95,0.32,0.3,0.3,0.35,0.29,0.34,0.26,0.3,0.96,0.16,0.56,0.67,0.35,0.25,0.24,0.24,0.27,0.18,0.56,0.98,0.28,0.34,0.34,0.59,0.68,0.33,0.44,0.37,0.27,0.6,0.29,0.24,0.7,1.0,0.68,0.65,0.42,0.4,0.55,0.43,0.38,0.85,0.38,0.85,0.68,0.43,0.47,0.42,0.42,0.42,0.83,0.37,0.32,0.82,0.3,0.37,0.48,0.32,0.68,0.45,0.47,0.83,0.83,0.35,0.68,0.7,0.43,0.5,0.47,0.57,0.83,0.38,0.78,1.0,0.62,0.42,0.3,0.72,0.43,0.42,0.48,0.4,0.57,0.38,0.42,0.28,0.42,0.57,0.37,0.83,0.97,0.42,0.98,0.42,0.47,0.4,0.87,0.57,0.35,0.83,0.32,0.3,0.42,0.38,0.42,0.48,0.42,0.73,0.37,0.55,0.32,0.43,0.92,0.37,0.95,0.37,0.42,0.42,0.4,0.43,0.57,0.35,0.75,0.38,0.68,0.67,0.38,0.55,0.85,0.32,0.23,0.5,0.4,0.83,0.48,0.4,0.85,0.88,0.35,0.4,0.38,0.23,0.32,0.37,0.47,0.48,0.4,0.35,0.42,0.42,0.4,0.43,0.97,0.83,0.72,0.38
688408,0.41,0.48,0.48,0.27,0.23,0.38,0.3,0.45,0.46,0.79,0.15,0.74,0.26,0.86,0.28,0.31,0.78,0.41,0.49,0.25,0.68,0.29,0.23,0.79,0.59,0.61,0.36,0.36,0.33,0.58,0.68,0.47,0.36,0.5,0.23,0.23,0.42,0.81,0.48,0.16,0.71,0.27,0.59,0.37,0.71,0.11,0.46,0.75,0.78,0.39,0.52,0.39,0.49,0.46,0.48,0.39,0.52,0.78,0.12,0.46,0.76,0.47,0.36,0.36,0.35,0.37,0.16,0.46,0.71,0.41,0.45,0.39,0.59,0.73,0.36,0.57,0.54,0.4,0.52,0.46,0.41,0.57,0.68,1.0,0.75,0.53,0.48,0.35,0.53,0.31,0.69,0.31,0.69,0.4,0.45,0.61,0.29,0.55,0.32,0.86,0.45,0.3,0.51,0.26,0.49,0.57,0.22,0.7,0.53,0.39,0.86,0.86,0.32,0.7,0.83,0.45,0.53,0.61,0.35,0.86,0.31,0.49,0.83,0.42,0.55,0.22,0.51,0.48,0.49,0.35,0.48,0.35,0.45,0.34,0.22,0.35,0.57,0.43,0.86,0.84,0.55,0.52,0.49,0.56,0.29,0.84,0.38,0.43,0.86,0.31,0.23,0.36,0.47,0.34,0.74,0.49,0.75,0.49,0.35,0.35,0.34,0.84,0.23,0.53,0.49,0.49,0.57,0.49,0.34,0.4,0.48,0.94,0.49,0.7,0.7,0.3,0.35,0.53,0.3,0.25,0.53,0.48,0.86,0.57,0.34,0.53,0.92,0.27,0.48,0.53,0.25,0.3,0.49,0.53,0.56,0.48,0.47,0.49,0.51,0.48,0.55,0.84,0.51,0.42,0.48
750697,0.42,0.45,0.45,0.26,0.18,0.41,0.26,0.45,0.38,0.82,0.15,0.59,0.25,0.67,0.31,0.19,0.72,0.46,0.45,0.25,0.63,0.33,0.38,0.82,0.54,0.53,0.34,0.31,0.33,0.61,0.63,0.45,0.35,0.42,0.38,0.38,0.47,0.83,0.45,0.15,0.6,0.27,0.54,0.34,0.6,0.12,0.44,0.76,0.71,0.34,0.45,0.37,0.44,0.46,0.4,0.41,0.45,0.72,0.15,0.44,0.65,0.47,0.35,0.24,0.33,0.37,0.18,0.44,0.64,0.46,0.42,0.37,0.57,0.75,0.51,0.77,0.49,0.43,0.9,0.46,0.37,0.59,0.65,0.75,1.0,0.46,0.34,0.29,0.38,0.23,0.82,0.22,0.82,0.54,0.36,0.45,0.25,0.41,0.33,0.7,0.38,0.21,0.38,0.17,0.34,0.45,0.2,0.75,0.42,0.26,0.7,0.7,0.21,0.75,0.58,0.35,0.44,0.45,0.28,0.7,0.22,0.36,0.69,0.41,0.5,0.19,0.36,0.35,0.42,0.26,0.34,0.28,0.34,0.24,0.18,0.25,0.38,0.33,0.7,0.69,0.43,0.39,0.42,0.45,0.23,0.7,0.3,0.35,0.7,0.19,0.18,0.28,0.34,0.24,0.5,0.42,0.67,0.34,0.29,0.29,0.28,0.69,0.19,0.4,0.34,0.4,0.45,0.49,0.27,0.44,0.33,0.59,0.43,0.75,0.5,0.21,0.29,0.4,0.2,0.19,0.44,0.34,0.7,0.46,0.22,0.4,0.58,0.22,0.34,0.46,0.19,0.21,0.34,0.42,0.42,0.34,0.32,0.41,0.36,0.39,0.39,0.69,0.38,0.41,0.39
778882,0.5,0.54,0.54,0.39,0.25,0.4,0.3,0.62,0.38,0.5,0.18,0.46,0.39,0.51,0.33,0.44,0.46,0.74,0.55,0.29,0.42,0.28,0.34,0.5,0.7,0.56,0.43,0.31,0.41,0.37,0.42,0.52,0.44,0.29,0.34,0.34,0.29,0.52,0.7,0.23,0.6,0.36,0.7,0.37,0.6,0.16,0.28,0.48,0.45,0.37,0.55,0.37,0.54,0.74,0.38,0.6,0.55,0.46,0.14,0.28,0.73,0.62,0.42,0.33,0.45,0.41,0.37,0.28,0.44,0.74,0.59,0.51,0.67,0.47,0.26,0.47,0.64,0.69,0.46,0.74,0.42,0.36,0.42,0.53,0.46,1.0,0.41,0.21,0.47,0.33,0.51,0.26,0.51,0.31,0.41,0.47,0.32,0.53,0.24,0.41,0.46,0.28,0.3,0.21,0.43,0.43,0.24,0.42,0.42,0.3,0.41,0.41,0.28,0.42,0.44,0.49,0.58,0.47,0.22,0.41,0.26,0.29,0.4,0.29,0.68,0.32,0.33,0.41,0.51,0.33,0.36,0.22,0.4,0.31,0.24,0.34,0.41,0.48,0.41,0.41,0.76,0.3,0.45,0.59,0.24,0.4,0.24,0.34,0.41,0.36,0.28,0.34,0.47,0.31,0.47,0.52,0.41,0.43,0.21,0.26,0.33,0.41,0.28,0.3,0.43,0.36,0.63,0.57,0.33,0.31,0.39,0.41,0.56,0.42,0.42,0.27,0.21,0.3,0.24,0.24,0.58,0.41,0.41,0.54,0.28,0.3,0.41,0.24,0.41,0.54,0.24,0.28,0.43,0.39,0.53,0.36,0.35,0.45,0.49,0.36,0.46,0.41,0.3,0.34,0.49
740499,0.72,1.0,1.0,0.31,0.26,0.29,0.27,0.53,0.46,0.44,0.15,0.46,0.29,0.42,0.24,0.29,0.46,0.44,0.81,0.2,0.45,0.22,0.23,0.44,0.86,0.78,0.38,0.61,0.27,0.36,0.45,0.88,0.36,0.32,0.23,0.23,0.27,0.41,0.4,0.15,0.78,0.21,0.86,0.47,0.78,0.11,0.31,0.4,0.45,0.32,0.61,0.32,0.57,0.39,0.47,0.35,0.61,0.46,0.12,0.31,0.9,0.55,0.29,0.29,0.35,0.3,0.19,0.31,0.39,0.44,0.65,0.44,0.47,0.41,0.21,0.38,0.81,0.34,0.3,0.39,0.32,0.35,0.4,0.48,0.34,0.41,1.0,0.24,0.68,0.34,0.57,0.49,0.58,0.32,0.48,0.48,0.35,0.59,0.21,0.46,0.61,0.23,0.36,0.33,0.7,0.45,0.22,0.49,0.45,0.41,0.46,0.46,0.41,0.49,0.46,0.61,0.73,0.48,0.24,0.46,0.49,0.39,0.48,0.34,0.59,0.21,0.4,0.62,0.44,0.36,0.61,0.24,0.92,0.55,0.21,0.39,0.47,0.81,0.46,0.47,0.56,0.4,0.57,0.8,0.22,0.48,0.24,0.6,0.46,0.23,0.21,0.39,0.99,0.55,0.47,0.46,0.46,0.72,0.24,0.31,0.32,0.46,0.26,0.37,0.72,0.5,0.61,0.44,0.33,0.32,0.53,0.46,0.79,0.49,0.57,0.41,0.24,0.4,0.25,0.22,0.73,1.0,0.46,0.61,0.47,0.4,0.47,0.21,1.0,0.49,0.22,0.23,0.7,0.48,0.67,0.56,0.55,0.77,0.79,0.57,0.65,0.47,0.37,0.33,0.43
747931,0.21,0.24,0.24,0.15,0.19,0.21,0.23,0.24,0.31,0.43,0.21,0.67,0.15,0.3,0.17,0.25,0.65,0.19,0.22,0.2,0.6,0.16,0.3,0.43,0.27,0.27,0.19,0.33,0.29,0.46,0.6,0.23,0.18,0.89,0.3,0.3,0.76,0.42,0.2,0.21,0.31,0.36,0.27,0.2,0.31,0.21,1.0,0.32,0.62,0.22,0.23,0.31,0.2,0.21,0.43,0.2,0.23,0.65,0.23,1.0,0.43,0.21,0.18,0.29,0.16,0.23,0.21,1.0,0.54,0.19,0.24,0.17,0.4,0.32,0.62,0.33,0.25,0.21,0.37,0.21,0.16,0.43,0.55,0.35,0.29,0.21,0.24,1.0,0.33,0.21,0.62,0.28,0.62,0.87,0.38,0.26,0.31,0.26,0.59,0.59,0.26,0.33,0.51,0.28,0.26,0.36,0.31,0.49,0.26,0.31,0.59,0.59,0.26,0.49,0.56,0.36,0.41,0.26,0.87,0.59,0.28,0.49,0.44,0.67,0.33,0.31,0.51,0.31,0.31,0.33,0.28,0.87,0.31,0.28,0.26,0.26,0.49,0.26,0.59,0.44,0.21,0.56,0.41,0.38,0.33,0.62,0.82,0.28,0.59,0.31,0.28,0.28,0.31,0.28,0.33,0.31,0.44,0.26,1.0,0.33,0.33,0.44,0.28,0.56,0.26,0.33,0.26,0.33,0.33,0.9,0.26,0.59,0.44,0.49,0.79,0.31,1.0,0.62,0.28,0.31,0.41,0.31,0.59,0.38,0.28,0.62,0.54,0.41,0.31,0.28,0.31,0.33,0.26,0.33,0.31,0.28,0.26,0.41,0.28,0.31,0.31,0.44,0.51,0.36,0.21
801741,0.5,0.68,0.68,0.32,0.25,0.31,0.28,0.56,0.49,0.46,0.19,0.48,0.31,0.48,0.24,0.27,0.48,0.37,0.67,0.24,0.45,0.24,0.19,0.46,0.89,0.83,0.33,0.58,0.27,0.4,0.45,0.64,0.31,0.34,0.19,0.19,0.29,0.46,0.4,0.19,0.8,0.21,0.89,0.49,0.8,0.13,0.33,0.46,0.45,0.36,0.66,0.35,0.52,0.39,0.45,0.33,0.66,0.48,0.16,0.33,0.94,0.61,0.3,0.33,0.37,0.34,0.16,0.33,0.46,0.37,0.55,0.5,0.49,0.44,0.26,0.4,0.8,0.34,0.31,0.39,0.34,0.39,0.43,0.53,0.38,0.47,0.68,0.33,1.0,0.34,0.59,0.46,0.59,0.31,0.51,0.53,0.37,0.67,0.25,0.52,0.61,0.24,0.39,0.35,0.73,0.52,0.24,0.52,0.47,0.44,0.52,0.52,0.42,0.52,0.57,0.64,0.69,0.53,0.25,0.52,0.46,0.41,0.53,0.38,0.61,0.2,0.46,0.82,0.45,0.41,0.63,0.25,0.73,0.48,0.26,0.4,0.54,0.62,0.52,0.54,0.64,0.4,0.6,0.64,0.27,0.52,0.26,0.47,0.52,0.25,0.22,0.43,0.72,0.48,0.56,0.45,0.54,0.73,0.25,0.31,0.33,0.52,0.27,0.38,0.73,0.53,0.63,0.48,0.33,0.31,0.6,0.52,0.63,0.52,0.53,0.42,0.25,0.4,0.24,0.23,0.69,0.71,0.52,0.67,0.51,0.4,0.54,0.24,0.71,0.51,0.23,0.24,0.73,0.53,0.68,0.62,0.62,0.59,0.72,0.45,0.61,0.54,0.39,0.37,0.44
779344,0.34,0.34,0.34,0.25,0.28,0.21,0.3,0.29,0.37,0.28,0.16,0.43,0.24,0.27,0.21,0.4,0.43,0.4,0.35,0.16,0.37,0.14,0.38,0.28,0.4,0.34,0.25,0.25,0.37,0.4,0.37,0.36,0.27,0.24,0.38,0.38,0.18,0.28,0.43,0.11,0.42,0.24,0.4,0.23,0.42,0.08,0.21,0.26,0.42,0.28,0.32,0.25,0.32,0.46,0.21,0.37,0.32,0.43,0.09,0.21,0.65,0.37,0.24,0.33,0.29,0.21,0.3,0.21,0.39,0.4,0.31,0.32,0.64,0.26,0.15,0.23,0.36,0.43,0.33,0.46,0.23,0.39,0.38,0.31,0.23,0.33,0.34,0.21,0.34,1.0,0.39,0.39,0.39,0.26,0.42,0.46,0.47,0.42,0.3,0.39,0.4,0.44,0.44,0.3,0.37,0.4,0.3,0.39,0.47,0.42,0.39,0.39,0.33,0.39,0.39,0.44,0.49,0.46,0.28,0.39,0.39,0.47,0.39,0.47,0.53,0.4,0.47,0.33,0.84,0.51,0.37,0.28,0.4,0.42,0.32,0.47,0.51,0.39,0.39,0.39,0.54,0.39,0.37,0.39,0.28,0.39,0.26,0.37,0.39,0.44,0.4,0.49,0.37,0.42,0.4,0.63,0.39,0.37,0.26,0.25,0.47,0.39,0.4,0.44,0.37,0.37,0.53,0.42,0.49,0.26,0.4,0.39,0.42,0.39,0.39,0.37,0.26,0.39,0.28,0.25,0.49,0.37,0.39,0.44,0.37,0.39,0.39,0.26,0.37,0.7,0.25,0.44,0.37,0.39,0.47,0.35,0.35,0.37,0.42,0.39,0.42,0.39,0.44,0.44,0.65
748848,0.51,0.57,0.57,0.31,0.19,0.43,0.28,0.52,0.43,0.78,0.19,0.87,0.3,0.66,0.32,0.23,0.98,0.49,0.55,0.25,0.97,0.34,0.34,0.78,0.7,0.54,0.42,0.31,0.39,0.7,0.97,0.55,0.41,0.66,0.34,0.34,0.56,0.79,0.44,0.21,0.62,0.36,0.7,0.47,0.62,0.17,0.62,0.75,0.95,0.37,0.44,0.4,0.52,0.46,0.38,0.43,0.44,0.98,0.2,0.62,0.69,0.6,0.36,0.24,0.39,0.38,0.21,0.62,0.83,0.49,0.51,0.41,0.63,0.74,0.59,0.87,0.64,0.45,0.73,0.46,0.37,0.68,0.85,0.69,0.82,0.51,0.57,0.62,0.59,0.39,1.0,0.24,0.97,0.53,0.38,0.39,0.27,0.43,0.36,0.65,0.42,0.21,0.42,0.2,0.4,0.42,0.21,0.71,0.38,0.27,0.65,0.65,0.22,0.71,0.54,0.45,0.47,0.39,0.41,0.65,0.24,0.44,0.65,0.43,0.45,0.23,0.41,0.32,0.37,0.3,0.33,0.41,0.42,0.25,0.2,0.28,0.43,0.4,0.65,0.64,0.43,0.49,0.49,0.51,0.26,0.66,0.43,0.35,0.65,0.21,0.22,0.29,0.42,0.25,0.44,0.37,0.59,0.4,0.41,0.32,0.29,0.65,0.21,0.46,0.4,0.36,0.43,0.38,0.29,0.57,0.3,0.57,0.51,0.71,0.53,0.24,0.41,0.5,0.22,0.2,0.47,0.43,0.65,0.51,0.24,0.5,0.57,0.28,0.43,0.38,0.2,0.21,0.4,0.4,0.49,0.35,0.31,0.49,0.42,0.35,0.35,0.64,0.43,0.4,0.32
740355,0.38,0.49,0.49,0.2,0.18,0.18,0.26,0.32,0.46,0.28,0.15,0.43,0.19,0.28,0.15,0.19,0.43,0.26,0.46,0.18,0.42,0.14,0.17,0.28,0.58,0.54,0.22,0.56,0.27,0.4,0.42,0.48,0.21,0.29,0.17,0.17,0.24,0.26,0.25,0.15,0.53,0.21,0.57,0.39,0.53,0.11,0.28,0.26,0.42,0.3,0.44,0.25,0.37,0.25,0.27,0.2,0.44,0.43,0.12,0.28,0.92,0.39,0.19,0.21,0.21,0.19,0.14,0.28,0.39,0.26,0.39,0.34,0.47,0.26,0.21,0.24,0.54,0.21,0.3,0.26,0.2,0.41,0.38,0.31,0.22,0.26,0.49,0.28,0.46,0.39,0.24,1.0,0.66,0.43,0.62,0.61,0.66,0.64,0.41,0.59,0.64,0.36,0.64,0.57,0.84,0.57,0.39,0.62,0.55,0.73,0.59,0.59,0.71,0.62,0.64,0.66,0.7,0.61,0.41,0.59,1.0,0.75,0.61,0.59,0.66,0.32,0.7,0.68,0.59,0.68,0.8,0.41,0.88,0.91,0.39,0.66,0.7,0.64,0.59,0.61,0.59,0.66,0.8,0.8,0.36,0.61,0.41,0.64,0.59,0.36,0.32,0.68,0.86,0.91,0.61,0.61,0.59,0.88,0.41,0.36,0.55,0.59,0.36,0.62,0.8,0.62,0.66,0.59,0.55,0.43,0.75,0.59,0.91,0.62,0.62,0.73,0.41,0.66,0.41,0.39,0.7,0.86,0.59,0.66,0.8,0.66,0.61,0.38,0.86,0.62,0.39,0.36,0.82,0.62,0.7,0.8,0.79,0.8,0.86,0.62,0.77,0.61,0.64,0.61,0.61
750670,0.52,0.58,0.58,0.31,0.19,0.43,0.28,0.52,0.43,0.78,0.19,0.87,0.3,0.66,0.32,0.23,0.98,0.49,0.55,0.25,1.0,0.34,0.34,0.78,0.7,0.58,0.42,0.31,0.39,0.7,1.0,0.55,0.41,0.66,0.34,0.34,0.56,0.79,0.44,0.21,0.62,0.36,0.7,0.49,0.62,0.17,0.62,0.75,0.95,0.37,0.44,0.39,0.52,0.46,0.38,0.43,0.44,0.98,0.2,0.62,0.69,0.62,0.36,0.24,0.39,0.38,0.21,0.62,0.83,0.49,0.51,0.41,0.63,0.74,0.59,0.91,0.66,0.45,0.73,0.46,0.37,0.68,0.85,0.69,0.82,0.51,0.58,0.62,0.59,0.39,0.97,0.66,1.0,0.53,0.38,0.39,0.27,0.43,0.36,0.65,0.42,0.21,0.42,0.2,0.4,0.42,0.21,0.74,0.38,0.27,0.65,0.65,0.22,0.74,0.54,0.45,0.47,0.39,0.41,0.65,0.24,0.44,0.65,0.43,0.45,0.23,0.41,0.32,0.37,0.3,0.33,0.41,0.42,0.25,0.2,0.28,0.43,0.4,0.65,0.64,0.43,0.51,0.49,0.51,0.26,0.66,0.43,0.35,0.65,0.21,0.22,0.29,0.43,0.25,0.44,0.37,0.59,0.42,0.41,0.32,0.29,0.65,0.21,0.46,0.4,0.36,0.43,0.38,0.29,0.57,0.3,0.57,0.51,0.74,0.53,0.24,0.41,0.51,0.22,0.2,0.47,0.43,0.65,0.51,0.24,0.51,0.57,0.28,0.43,0.38,0.2,0.21,0.4,0.4,0.49,0.35,0.31,0.49,0.43,0.35,0.35,0.64,0.43,0.4,0.32
691327,0.28,0.32,0.32,0.2,0.21,0.3,0.24,0.31,0.31,0.44,0.19,0.63,0.2,0.46,0.25,0.25,0.61,0.26,0.29,0.2,0.57,0.2,0.34,0.44,0.38,0.42,0.26,0.36,0.29,0.46,0.57,0.29,0.25,0.84,0.34,0.34,0.8,0.44,0.35,0.23,0.45,0.39,0.38,0.32,0.45,0.21,0.87,0.46,0.6,0.24,0.35,0.46,0.26,0.36,0.43,0.31,0.35,0.61,0.22,0.87,0.43,0.32,0.26,0.29,0.25,0.31,0.21,0.87,0.68,0.26,0.31,0.2,0.4,0.47,0.69,0.45,0.36,0.32,0.64,0.36,0.25,0.43,0.68,0.4,0.54,0.31,0.32,0.87,0.31,0.26,0.53,0.43,0.53,1.0,0.32,0.27,0.19,0.25,0.39,0.41,0.26,0.21,0.26,0.18,0.26,0.33,0.22,0.48,0.28,0.18,0.41,0.41,0.16,0.48,0.39,0.31,0.34,0.27,0.41,0.41,0.17,0.25,0.5,0.38,0.3,0.22,0.28,0.29,0.31,0.2,0.28,0.41,0.27,0.17,0.19,0.18,0.48,0.26,0.41,0.49,0.27,0.37,0.37,0.35,0.22,0.41,0.44,0.28,0.41,0.17,0.19,0.2,0.27,0.17,0.3,0.31,0.41,0.26,0.43,0.47,0.23,0.46,0.19,0.35,0.26,0.3,0.27,0.28,0.23,0.81,0.26,0.4,0.37,0.48,0.48,0.18,0.43,0.31,0.2,0.21,0.34,0.27,0.41,0.33,0.18,0.31,0.47,0.26,0.27,0.29,0.21,0.21,0.26,0.33,0.32,0.29,0.26,0.4,0.27,0.32,0.28,0.49,0.26,0.24,0.26
776573,0.46,0.48,0.48,0.39,0.37,0.36,0.29,0.47,0.35,0.49,0.46,0.5,0.37,0.46,0.32,0.27,0.5,0.43,0.46,0.29,0.47,0.26,0.21,0.49,0.57,0.54,0.45,0.31,0.35,0.37,0.47,0.47,0.38,0.39,0.21,0.21,0.38,0.48,0.44,0.32,0.64,0.36,0.57,0.36,0.64,0.26,0.38,0.44,0.47,0.46,0.54,0.4,0.4,0.46,0.45,0.43,0.54,0.5,0.28,0.38,0.67,0.53,0.43,0.26,0.37,0.5,0.26,0.38,0.42,0.43,0.42,0.36,0.6,0.44,0.33,0.44,0.54,0.45,0.37,0.46,0.35,0.36,0.43,0.45,0.36,0.41,0.48,0.38,0.51,0.42,0.38,0.62,0.38,0.32,1.0,0.34,0.28,0.35,0.23,0.35,0.35,0.16,0.24,0.18,0.31,0.48,0.29,0.37,0.34,0.19,0.35,0.35,0.19,0.37,0.35,0.37,0.49,0.34,0.21,0.35,0.21,0.24,0.35,0.23,0.4,0.17,0.23,0.28,0.44,0.28,0.32,0.21,0.32,0.24,0.26,0.26,0.42,0.34,0.35,0.35,0.37,0.25,0.35,0.35,0.25,0.36,0.21,0.36,0.35,0.19,0.18,0.25,0.32,0.24,0.39,0.4,0.36,0.33,0.21,0.25,0.25,0.35,0.24,0.24,0.31,0.37,0.39,0.37,0.24,0.27,0.35,0.35,0.38,0.37,0.43,0.21,0.21,0.25,0.24,0.22,0.49,0.32,0.35,0.46,0.22,0.25,0.35,0.3,0.32,0.37,0.22,0.16,0.31,0.39,0.61,0.3,0.29,0.36,0.35,0.35,0.31,0.35,0.24,0.24,0.35
776522,0.4,0.48,0.48,0.36,0.23,0.5,0.39,0.41,0.4,0.55,0.31,0.52,0.33,0.53,0.38,0.29,0.52,0.47,0.47,0.47,0.47,0.32,0.26,0.55,0.56,0.56,0.44,0.33,0.53,0.4,0.47,0.46,0.51,0.26,0.26,0.26,0.22,0.54,0.57,0.26,0.65,0.24,0.56,0.4,0.65,0.11,0.26,0.51,0.51,0.51,0.49,0.35,0.47,0.56,0.36,0.47,0.49,0.52,0.19,0.26,0.69,0.49,0.67,0.31,0.48,0.48,0.21,0.26,0.46,0.47,0.41,0.38,0.54,0.51,0.23,0.47,0.51,0.49,0.37,0.56,1.0,0.39,0.47,0.61,0.45,0.47,0.48,0.26,0.53,0.46,0.39,0.61,0.39,0.27,0.34,1.0,0.24,0.38,0.18,0.38,0.29,0.22,0.23,0.15,0.3,0.5,0.36,0.38,0.74,0.21,0.38,0.38,0.19,0.38,0.43,0.38,0.39,1.0,0.16,0.38,0.2,0.23,0.39,0.23,0.43,0.18,0.26,0.33,0.4,0.25,0.31,0.16,0.3,0.21,0.25,0.31,0.37,0.28,0.38,0.38,0.43,0.24,0.3,0.33,0.38,0.39,0.15,0.43,0.38,0.23,0.17,0.31,0.31,0.21,0.44,0.4,0.38,0.3,0.16,0.27,0.48,0.38,0.2,0.24,0.3,0.58,0.45,0.33,0.4,0.25,0.3,0.38,0.3,0.38,0.38,0.21,0.16,0.24,0.33,0.42,0.39,0.32,0.38,0.43,0.21,0.24,0.38,0.23,0.32,0.43,0.42,0.22,0.3,0.47,0.48,0.3,0.29,0.3,0.34,0.43,0.35,0.38,0.24,0.25,0.39
776506,0.38,0.35,0.35,0.42,0.18,0.24,0.34,0.34,0.37,0.32,0.18,0.48,0.4,0.3,0.22,0.21,0.48,0.32,0.37,0.25,0.45,0.17,0.26,0.32,0.42,0.36,0.37,0.31,0.36,0.36,0.45,0.37,0.32,0.32,0.26,0.26,0.27,0.32,0.31,0.19,0.44,0.3,0.42,0.27,0.44,0.13,0.31,0.29,0.45,0.34,0.38,0.27,0.33,0.31,0.21,0.28,0.38,0.48,0.18,0.31,0.71,0.42,0.25,0.24,0.31,0.28,0.18,0.31,0.42,0.32,0.35,0.35,0.59,0.28,0.28,0.29,0.38,0.27,0.36,0.31,0.24,0.35,0.42,0.29,0.25,0.32,0.35,0.31,0.37,0.47,0.27,0.66,0.27,0.19,0.28,0.24,1.0,0.44,0.28,0.38,0.36,0.28,0.37,0.26,0.32,0.44,0.37,0.39,0.37,0.38,0.38,0.38,0.32,0.39,0.45,0.43,0.56,0.42,0.26,0.38,0.33,0.37,0.37,0.39,0.4,0.26,0.39,0.34,0.43,0.73,0.32,0.26,0.32,0.41,0.35,0.73,0.47,0.34,0.38,0.37,0.43,0.38,0.33,0.39,0.31,0.38,0.24,0.36,0.38,0.26,0.24,0.5,0.32,0.41,0.36,0.42,0.38,0.32,0.26,0.26,0.37,0.38,0.27,0.37,0.32,0.39,0.4,0.42,0.42,0.28,0.39,0.38,0.41,0.39,0.4,0.34,0.26,0.39,0.26,0.31,0.56,0.32,0.38,0.45,0.31,0.39,0.37,0.27,0.32,0.39,0.31,0.28,0.32,0.43,0.74,0.32,0.31,0.34,0.39,0.39,0.36,0.37,0.37,0.37,0.39
778964,0.5,0.59,0.59,0.38,0.25,0.34,0.31,0.55,0.4,0.49,0.18,0.46,0.37,0.48,0.28,0.27,0.46,0.51,0.56,0.22,0.42,0.27,0.17,0.49,0.7,0.56,0.46,0.33,0.29,0.4,0.42,0.57,0.47,0.26,0.17,0.17,0.22,0.49,0.46,0.16,0.65,0.21,0.7,0.39,0.65,0.1,0.26,0.46,0.47,0.37,0.52,0.42,0.6,0.44,0.36,0.37,0.52,0.46,0.15,0.26,0.69,0.64,0.35,0.38,0.45,0.37,0.21,0.26,0.42,0.51,0.47,0.46,0.54,0.45,0.23,0.43,0.64,0.38,0.34,0.44,0.38,0.41,0.42,0.55,0.41,0.53,0.59,0.26,0.67,0.42,0.43,0.64,0.43,0.25,0.35,0.38,0.44,1.0,0.21,0.44,0.47,0.21,0.32,0.2,0.46,0.44,0.25,0.44,0.4,0.3,0.44,0.44,0.26,0.44,0.45,0.54,0.65,0.47,0.17,0.44,0.29,0.34,0.44,0.3,0.55,0.19,0.34,0.48,0.41,0.34,0.37,0.17,0.49,0.33,0.24,0.37,0.48,0.45,0.44,0.44,0.6,0.32,0.47,0.5,0.22,0.44,0.19,0.41,0.44,0.21,0.19,0.37,0.48,0.33,0.48,0.4,0.44,0.46,0.17,0.23,0.29,0.44,0.22,0.32,0.46,0.42,0.58,0.48,0.29,0.23,0.38,0.44,0.49,0.44,0.55,0.28,0.17,0.32,0.22,0.21,0.65,0.48,0.44,0.61,0.29,0.32,0.44,0.2,0.48,0.43,0.21,0.21,0.46,0.41,0.6,0.34,0.35,0.47,0.55,0.37,0.55,0.44,0.32,0.33,0.39
750771,0.21,0.21,0.21,0.16,0.26,0.22,0.23,0.24,0.29,0.39,0.24,0.46,0.16,0.31,0.2,0.25,0.46,0.24,0.2,0.24,0.43,0.19,0.32,0.39,0.25,0.24,0.2,0.36,0.31,0.43,0.43,0.2,0.2,0.61,0.32,0.32,0.69,0.4,0.24,0.24,0.27,0.36,0.25,0.22,0.27,0.22,0.59,0.37,0.45,0.26,0.23,0.34,0.17,0.25,0.38,0.23,0.23,0.46,0.22,0.59,0.43,0.23,0.18,0.29,0.19,0.25,0.28,0.59,0.41,0.24,0.24,0.19,0.4,0.36,0.67,0.36,0.22,0.24,0.37,0.25,0.18,0.42,0.42,0.32,0.33,0.24,0.21,0.59,0.25,0.3,0.36,0.41,0.36,0.39,0.23,0.18,0.28,0.21,1.0,0.47,0.2,0.27,0.47,0.24,0.22,0.38,0.36,0.49,0.24,0.24,0.47,0.47,0.18,0.49,0.42,0.27,0.42,0.24,0.51,0.47,0.24,0.42,0.47,0.53,0.4,0.36,0.31,0.29,0.33,0.31,0.24,0.51,0.24,0.24,0.29,0.24,0.44,0.2,0.47,0.47,0.27,0.31,0.31,0.31,0.36,0.47,0.53,0.24,0.47,0.27,0.24,0.27,0.24,0.24,0.33,0.36,0.47,0.22,0.51,0.33,0.29,0.47,0.31,0.36,0.22,0.27,0.33,0.38,0.29,0.62,0.22,0.36,0.38,0.49,0.49,0.38,0.51,0.31,0.22,0.29,0.42,0.24,0.47,0.33,0.24,0.31,0.36,0.36,0.24,0.33,0.29,0.27,0.22,0.27,0.33,0.24,0.22,0.31,0.24,0.22,0.24,0.47,0.47,0.62,0.29
747109,0.41,0.46,0.46,0.27,0.19,0.39,0.27,0.45,0.42,0.98,0.18,0.83,0.27,0.83,0.29,0.25,0.96,0.4,0.47,0.22,0.85,0.32,0.26,0.98,0.57,0.56,0.37,0.28,0.33,0.7,0.85,0.45,0.36,0.63,0.26,0.26,0.53,1.0,0.44,0.21,0.67,0.27,0.57,0.35,0.67,0.16,0.59,0.91,0.93,0.33,0.48,0.46,0.46,0.46,0.49,0.41,0.48,0.96,0.18,0.59,0.69,0.47,0.4,0.26,0.34,0.41,0.18,0.59,0.86,0.4,0.44,0.38,0.59,0.89,0.51,0.72,0.52,0.43,0.61,0.46,0.38,0.68,0.83,0.86,0.7,0.41,0.46,0.59,0.52,0.39,0.65,0.59,0.65,0.41,0.35,0.38,0.38,0.44,0.47,1.0,0.43,0.22,0.59,0.2,0.43,0.59,0.22,0.84,0.52,0.33,1.0,1.0,0.27,0.84,0.79,0.48,0.51,0.54,0.43,1.0,0.26,0.57,0.96,0.48,0.51,0.22,0.54,0.44,0.49,0.37,0.42,0.43,0.41,0.28,0.23,0.3,0.58,0.41,1.0,0.98,0.49,0.6,0.49,0.56,0.28,0.99,0.44,0.42,1.0,0.26,0.23,0.33,0.41,0.28,0.64,0.49,0.9,0.43,0.42,0.33,0.33,0.99,0.25,0.62,0.43,0.49,0.51,0.46,0.33,0.44,0.42,0.88,0.47,0.84,0.73,0.27,0.42,0.63,0.26,0.2,0.51,0.41,1.0,0.57,0.27,0.63,0.85,0.28,0.41,0.47,0.2,0.22,0.43,0.56,0.49,0.42,0.41,0.49,0.43,0.48,0.48,0.98,0.59,0.52,0.46
739897,0.7,0.61,0.61,0.33,0.19,0.35,0.28,0.55,0.34,0.41,0.13,0.41,0.3,0.42,0.28,0.23,0.41,0.46,0.6,0.24,0.38,0.23,0.23,0.41,0.79,0.58,0.4,0.28,0.32,0.34,0.38,0.58,0.38,0.26,0.23,0.23,0.22,0.43,0.39,0.18,0.71,0.33,0.79,0.41,0.71,0.11,0.26,0.4,0.4,0.34,0.48,0.32,0.49,0.41,0.38,0.39,0.48,0.41,0.12,0.26,0.69,0.83,0.29,0.26,0.38,0.32,0.21,0.26,0.39,0.46,0.49,0.41,0.59,0.39,0.23,0.39,0.67,0.4,0.39,0.41,0.29,0.33,0.37,0.45,0.38,0.46,0.61,0.26,0.61,0.4,0.42,0.64,0.42,0.26,0.35,0.29,0.36,0.47,0.2,0.43,1.0,0.25,0.35,0.26,0.67,0.51,0.27,0.52,0.46,0.34,0.48,0.48,0.34,0.52,0.45,0.63,0.7,0.46,0.25,0.48,0.38,0.37,0.47,0.36,0.64,0.25,0.39,0.54,0.52,0.39,0.51,0.25,0.66,0.41,0.25,0.42,0.48,0.9,0.48,0.48,0.59,0.37,0.67,0.67,0.24,0.47,0.28,0.6,0.48,0.27,0.26,0.47,0.64,0.41,0.51,0.52,0.48,0.63,0.25,0.33,0.37,0.48,0.26,0.35,0.65,0.51,0.64,0.49,0.37,0.34,0.46,0.48,0.61,0.52,0.58,0.34,0.25,0.37,0.26,0.26,0.7,0.64,0.48,0.72,0.39,0.37,0.48,0.28,0.64,0.51,0.26,0.25,0.67,0.49,0.67,0.47,0.49,0.63,0.63,0.48,0.58,0.48,0.35,0.37,0.46
779271,0.21,0.23,0.23,0.18,0.44,0.16,0.25,0.2,0.29,0.22,0.24,0.35,0.17,0.22,0.13,0.58,0.35,0.26,0.22,0.29,0.32,0.13,0.47,0.22,0.25,0.27,0.17,0.31,0.32,0.28,0.32,0.22,0.19,0.34,0.47,0.47,0.29,0.22,0.35,0.16,0.31,0.3,0.25,0.18,0.31,0.13,0.33,0.21,0.35,0.28,0.24,0.17,0.19,0.34,0.25,0.28,0.24,0.35,0.19,0.33,0.41,0.22,0.19,0.71,0.23,0.15,0.35,0.33,0.32,0.26,0.22,0.18,0.39,0.2,0.31,0.19,0.22,0.29,0.27,0.34,0.22,0.28,0.32,0.3,0.21,0.28,0.23,0.33,0.24,0.44,0.21,0.36,0.21,0.21,0.16,0.22,0.28,0.21,0.27,0.22,0.25,1.0,0.24,0.24,0.27,0.24,0.39,0.24,0.29,0.27,0.22,0.22,0.22,0.24,0.32,0.24,0.34,0.32,0.27,0.22,0.22,0.24,0.24,0.24,0.39,0.54,0.27,0.37,0.46,0.24,0.29,0.27,0.32,0.22,0.22,0.32,0.27,0.24,0.22,0.22,0.39,0.24,0.27,0.32,0.39,0.24,0.27,0.29,0.22,0.66,0.59,0.32,0.34,0.22,0.44,0.46,0.24,0.27,0.32,0.24,0.29,0.22,0.61,0.27,0.27,0.29,0.39,0.56,0.32,0.32,0.22,0.22,0.22,0.24,0.32,0.27,0.32,0.24,0.37,0.41,0.34,0.34,0.22,0.27,0.27,0.24,0.22,0.29,0.34,0.46,0.41,0.98,0.27,0.24,0.37,0.29,0.27,0.32,0.29,0.24,0.27,0.22,0.24,0.27,0.46
681536,0.33,0.36,0.36,0.21,0.21,0.24,0.27,0.32,0.46,0.6,0.18,0.78,0.2,0.52,0.18,0.23,0.91,0.28,0.36,0.15,0.8,0.2,0.19,0.6,0.41,0.36,0.28,0.36,0.33,0.79,0.8,0.38,0.25,0.55,0.19,0.19,0.47,0.59,0.27,0.19,0.42,0.27,0.41,0.23,0.42,0.16,0.51,0.55,0.89,0.32,0.3,0.38,0.37,0.29,0.31,0.26,0.3,0.91,0.16,0.51,0.71,0.35,0.25,0.24,0.24,0.27,0.18,0.51,0.81,0.28,0.34,0.33,0.59,0.56,0.33,0.41,0.37,0.27,0.57,0.29,0.23,0.78,0.82,0.51,0.38,0.3,0.36,0.51,0.39,0.44,0.42,0.64,0.42,0.26,0.24,0.23,0.37,0.32,0.47,0.59,0.35,0.24,1.0,0.34,0.41,0.49,0.34,0.68,0.44,0.51,0.81,0.81,0.36,0.68,0.68,0.44,0.47,0.46,0.54,0.81,0.42,0.93,0.83,0.63,0.42,0.31,0.73,0.41,0.42,0.53,0.42,0.54,0.41,0.46,0.31,0.41,0.73,0.37,0.81,0.81,0.41,0.81,0.42,0.46,0.39,0.83,0.54,0.37,0.81,0.34,0.31,0.42,0.41,0.46,0.54,0.42,0.75,0.41,0.53,0.29,0.44,0.81,0.37,0.88,0.41,0.42,0.42,0.41,0.44,0.54,0.39,0.73,0.42,0.68,0.64,0.47,0.53,0.81,0.32,0.24,0.47,0.41,0.81,0.49,0.42,0.81,0.73,0.36,0.41,0.46,0.24,0.32,0.41,0.47,0.46,0.42,0.39,0.42,0.44,0.41,0.47,0.81,0.98,0.85,0.39
801746,0.22,0.33,0.33,0.16,0.23,0.12,0.24,0.22,0.42,0.22,0.16,0.33,0.16,0.22,0.13,0.21,0.33,0.2,0.29,0.2,0.32,0.11,0.17,0.22,0.4,0.44,0.16,0.64,0.19,0.3,0.32,0.3,0.16,0.29,0.17,0.17,0.24,0.2,0.23,0.16,0.42,0.21,0.4,0.29,0.42,0.12,0.28,0.21,0.33,0.24,0.39,0.18,0.27,0.21,0.27,0.17,0.39,0.33,0.14,0.28,0.63,0.23,0.14,0.24,0.17,0.14,0.14,0.28,0.31,0.2,0.27,0.22,0.37,0.2,0.21,0.2,0.36,0.19,0.22,0.21,0.15,0.29,0.3,0.26,0.17,0.21,0.33,0.28,0.35,0.3,0.2,0.57,0.2,0.18,0.18,0.15,0.26,0.2,0.24,0.2,0.26,0.24,0.34,1.0,0.67,0.33,0.43,0.37,0.27,0.67,0.33,0.33,0.53,0.37,0.47,0.3,0.47,0.4,0.37,0.33,0.67,0.43,0.37,0.3,0.37,0.27,0.47,0.57,0.27,0.37,0.7,0.37,0.67,0.67,0.33,0.4,0.43,0.33,0.33,0.37,0.33,0.37,0.7,0.67,0.37,0.37,0.37,0.37,0.33,0.37,0.27,0.4,0.7,0.67,0.4,0.3,0.33,0.67,0.37,0.3,0.27,0.33,0.43,0.4,0.67,0.33,0.37,0.3,0.27,0.37,0.67,0.33,0.67,0.37,0.37,0.5,0.37,0.37,0.4,0.4,0.47,0.7,0.33,0.43,0.7,0.37,0.37,0.33,0.7,0.43,0.4,0.37,0.67,0.33,0.47,0.7,0.67,0.77,0.7,0.33,0.67,0.37,0.43,0.37,0.3
741552,0.52,0.7,0.7,0.29,0.25,0.29,0.27,0.56,0.45,0.41,0.15,0.41,0.28,0.42,0.24,0.27,0.41,0.43,0.71,0.22,0.38,0.21,0.19,0.41,1.0,0.8,0.37,0.56,0.27,0.36,0.38,0.65,0.35,0.26,0.19,0.19,0.22,0.43,0.4,0.15,0.85,0.21,0.98,0.46,0.85,0.1,0.26,0.4,0.4,0.33,0.63,0.32,0.47,0.39,0.43,0.33,0.63,0.41,0.11,0.26,0.96,0.6,0.28,0.29,0.36,0.29,0.14,0.26,0.39,0.43,0.54,0.44,0.47,0.39,0.18,0.36,0.84,0.34,0.3,0.39,0.3,0.35,0.37,0.49,0.34,0.43,0.7,0.26,0.73,0.37,0.4,0.84,0.4,0.26,0.31,0.3,0.32,0.46,0.22,0.43,0.67,0.27,0.41,0.67,1.0,0.54,0.26,0.57,0.53,0.49,0.57,0.57,0.52,0.57,0.59,0.79,0.79,0.56,0.27,0.57,0.58,0.43,0.56,0.4,0.72,0.22,0.48,0.77,0.53,0.42,0.73,0.27,0.86,0.56,0.26,0.43,0.56,0.79,0.57,0.57,0.72,0.43,0.75,0.75,0.26,0.56,0.28,0.58,0.57,0.27,0.25,0.48,0.86,0.56,0.58,0.53,0.56,0.95,0.27,0.38,0.38,0.57,0.28,0.41,0.93,0.63,0.74,0.53,0.38,0.38,0.69,0.57,0.74,0.57,0.57,0.49,0.27,0.43,0.27,0.27,0.79,0.86,0.57,0.79,0.59,0.43,0.57,0.26,0.86,0.59,0.27,0.25,0.98,0.57,0.78,0.73,0.74,0.7,0.85,0.56,0.67,0.57,0.41,0.38,0.52
776587,0.43,0.45,0.45,0.36,0.25,0.71,0.41,0.46,0.38,0.57,0.4,0.56,0.42,0.57,0.6,0.29,0.56,0.45,0.45,0.35,0.5,0.32,0.21,0.57,0.54,0.53,0.46,0.25,0.39,0.43,0.5,0.45,0.64,0.37,0.21,0.21,0.36,0.59,0.46,0.31,0.62,0.36,0.54,0.38,0.62,0.18,0.36,0.54,0.55,0.66,0.45,0.36,0.45,0.49,0.42,0.45,0.45,0.56,0.24,0.36,0.65,0.47,0.52,0.31,0.63,0.87,0.28,0.36,0.51,0.45,0.43,0.37,0.59,0.52,0.31,0.5,0.49,0.47,0.43,0.49,0.5,0.42,0.48,0.57,0.45,0.43,0.45,0.36,0.52,0.4,0.42,0.57,0.42,0.33,0.48,0.5,0.44,0.44,0.38,0.59,0.51,0.24,0.49,0.33,0.54,1.0,0.24,0.45,0.54,0.25,0.46,0.46,0.19,0.45,0.4,0.37,0.39,0.54,0.23,0.46,0.2,0.28,0.44,0.29,0.45,0.23,0.28,0.35,0.42,0.32,0.32,0.23,0.32,0.22,0.28,0.35,0.45,0.32,0.46,0.45,0.38,0.28,0.38,0.49,0.29,0.45,0.26,0.37,0.46,0.22,0.21,0.4,0.32,0.22,0.48,0.42,0.46,0.31,0.23,0.3,0.43,0.46,0.18,0.28,0.32,0.47,0.47,0.36,0.33,0.32,0.3,0.46,0.34,0.45,0.5,0.2,0.23,0.29,0.24,0.27,0.39,0.31,0.46,0.5,0.21,0.29,0.45,0.34,0.31,0.39,0.27,0.17,0.31,0.65,0.69,0.3,0.3,0.4,0.33,0.59,0.36,0.45,0.28,0.32,0.37
776606,0.21,0.22,0.22,0.29,0.42,0.17,0.31,0.23,0.32,0.23,0.36,0.35,0.27,0.2,0.26,0.38,0.35,0.22,0.2,0.45,0.32,0.19,0.26,0.23,0.26,0.27,0.24,0.36,0.27,0.3,0.32,0.21,0.24,0.32,0.26,0.26,0.36,0.22,0.27,0.37,0.31,0.33,0.26,0.2,0.31,0.18,0.31,0.21,0.35,0.38,0.28,0.23,0.22,0.26,0.29,0.21,0.28,0.35,0.24,0.31,0.43,0.24,0.34,0.4,0.25,0.23,0.3,0.31,0.31,0.22,0.22,0.19,0.4,0.22,0.31,0.2,0.24,0.22,0.27,0.26,0.36,0.29,0.32,0.22,0.2,0.24,0.22,0.31,0.24,0.3,0.21,0.39,0.21,0.22,0.29,0.36,0.37,0.25,0.36,0.22,0.27,0.39,0.34,0.43,0.26,0.24,1.0,0.14,0.32,0.17,0.12,0.12,0.14,0.14,0.19,0.15,0.25,0.44,0.15,0.12,0.17,0.15,0.14,0.14,0.24,0.24,0.14,0.21,0.21,0.17,0.17,0.15,0.17,0.17,0.43,0.22,0.22,0.11,0.12,0.12,0.17,0.14,0.18,0.19,0.43,0.14,0.17,0.53,0.12,0.24,0.17,0.21,0.17,0.17,0.26,0.15,0.14,0.15,0.15,0.17,0.17,0.12,0.32,0.15,0.15,0.33,0.24,0.15,0.15,0.17,0.15,0.12,0.21,0.14,0.24,0.19,0.15,0.14,0.31,0.51,0.25,0.17,0.12,0.24,0.17,0.14,0.12,0.22,0.17,0.19,0.51,0.21,0.15,0.14,0.4,0.17,0.15,0.21,0.17,0.18,0.17,0.12,0.15,0.22,0.15
750785,0.45,0.49,0.49,0.28,0.18,0.41,0.28,0.49,0.4,0.83,0.16,0.65,0.27,0.7,0.32,0.21,0.76,0.42,0.47,0.24,0.78,0.34,0.28,0.83,0.57,0.58,0.37,0.33,0.37,0.61,0.78,0.48,0.36,0.47,0.28,0.28,0.49,0.84,0.44,0.19,0.64,0.33,0.57,0.5,0.64,0.14,0.49,0.78,0.73,0.36,0.44,0.42,0.45,0.46,0.4,0.42,0.44,0.76,0.18,0.49,0.65,0.52,0.4,0.24,0.33,0.41,0.21,0.49,0.69,0.42,0.44,0.38,0.61,0.77,0.56,1.0,0.54,0.44,0.69,0.46,0.38,0.59,0.68,0.7,0.75,0.42,0.49,0.49,0.52,0.39,0.71,0.62,0.74,0.48,0.37,0.38,0.39,0.44,0.49,0.84,0.52,0.24,0.68,0.37,0.57,0.45,0.14,1.0,0.46,0.29,0.72,0.72,0.21,1.0,0.59,0.41,0.44,0.47,0.32,0.72,0.24,0.46,0.72,0.44,0.45,0.21,0.39,0.38,0.41,0.31,0.37,0.32,0.37,0.26,0.19,0.29,0.43,0.36,0.72,0.72,0.43,0.5,0.44,0.47,0.23,0.72,0.35,0.36,0.72,0.2,0.19,0.3,0.38,0.26,0.51,0.41,0.71,0.38,0.33,0.33,0.31,0.73,0.21,0.44,0.36,0.43,0.41,0.43,0.31,0.46,0.33,0.62,0.43,1.0,0.53,0.24,0.33,0.5,0.22,0.19,0.44,0.38,0.72,0.51,0.23,0.5,0.62,0.24,0.38,0.44,0.19,0.19,0.36,0.48,0.46,0.39,0.34,0.44,0.38,0.41,0.4,0.72,0.41,0.45,0.37
776424,0.4,0.45,0.45,0.31,0.18,0.52,0.32,0.39,0.34,0.52,0.3,0.5,0.29,0.51,0.43,0.25,0.5,0.46,0.43,0.4,0.45,0.32,0.26,0.52,0.53,0.51,0.42,0.22,0.56,0.39,0.45,0.45,0.45,0.26,0.26,0.26,0.22,0.52,0.54,0.27,0.58,0.27,0.53,0.37,0.58,0.17,0.26,0.48,0.51,0.58,0.44,0.32,0.42,0.59,0.38,0.49,0.44,0.5,0.18,0.26,0.63,0.45,0.72,0.21,0.43,0.51,0.21,0.26,0.44,0.46,0.37,0.34,0.57,0.49,0.26,0.46,0.48,0.51,0.39,0.56,0.74,0.38,0.45,0.53,0.42,0.42,0.45,0.26,0.47,0.47,0.38,0.55,0.38,0.28,0.34,0.74,0.37,0.4,0.24,0.52,0.46,0.29,0.44,0.27,0.53,0.54,0.32,0.46,1.0,0.18,0.34,0.34,0.16,0.35,0.32,0.32,0.31,0.72,0.16,0.34,0.17,0.21,0.35,0.21,0.4,0.19,0.25,0.27,0.42,0.25,0.27,0.16,0.28,0.18,0.24,0.22,0.33,0.27,0.34,0.34,0.38,0.22,0.27,0.29,0.47,0.35,0.14,0.37,0.34,0.17,0.18,0.29,0.28,0.18,0.36,0.41,0.34,0.27,0.16,0.25,0.52,0.34,0.14,0.21,0.28,0.69,0.4,0.3,0.39,0.25,0.26,0.34,0.3,0.35,0.37,0.16,0.16,0.22,0.28,0.35,0.31,0.28,0.34,0.41,0.18,0.22,0.34,0.26,0.28,0.41,0.35,0.19,0.27,0.46,0.38,0.25,0.25,0.27,0.28,0.45,0.3,0.34,0.22,0.23,0.4
736375,0.31,0.41,0.41,0.22,0.21,0.21,0.31,0.29,1.0,0.34,0.16,0.52,0.21,0.33,0.18,0.23,0.52,0.26,0.4,0.22,0.47,0.15,0.21,0.34,0.49,0.49,0.26,0.58,0.27,0.46,0.47,0.41,0.24,0.32,0.21,0.21,0.27,0.33,0.27,0.15,0.49,0.27,0.49,0.45,0.49,0.12,0.31,0.31,0.51,0.33,0.41,0.26,0.6,0.26,0.26,0.22,0.41,0.52,0.14,0.31,0.82,0.33,0.2,0.26,0.26,0.24,0.18,0.31,0.46,0.26,0.36,0.44,0.53,0.32,0.21,0.29,0.46,0.23,0.37,0.26,0.21,0.45,0.47,0.39,0.26,0.3,0.41,0.31,0.44,0.42,0.27,0.73,0.27,0.18,0.19,0.21,0.38,0.3,0.24,0.33,0.34,0.27,0.51,0.67,0.49,0.25,0.17,0.29,0.18,1.0,0.42,0.42,0.4,0.4,0.48,0.32,0.46,0.4,0.31,0.42,0.46,0.48,0.43,0.43,0.37,0.29,0.46,0.49,0.32,0.46,0.46,0.31,0.45,0.49,0.29,0.43,0.46,0.31,0.42,0.42,0.37,0.43,0.46,0.71,0.34,0.43,0.31,0.32,0.42,0.28,0.26,0.45,0.46,0.49,0.43,0.34,0.42,0.46,0.31,0.25,0.34,0.42,0.34,0.49,0.45,0.38,0.38,0.35,0.37,0.31,0.45,0.42,0.46,0.4,0.43,0.4,0.31,0.43,0.34,0.29,0.46,0.46,0.42,0.43,0.46,0.43,0.42,0.28,0.46,0.4,0.29,0.29,0.45,0.42,0.45,0.48,0.45,0.49,0.49,0.42,0.83,0.42,0.46,0.42,0.34
685744,0.41,0.46,0.46,0.27,0.19,0.39,0.27,0.45,0.42,0.98,0.18,0.83,0.27,0.83,0.29,0.25,0.96,0.4,0.47,0.22,0.85,0.32,0.26,0.98,0.57,0.56,0.37,0.28,0.33,0.7,0.85,0.45,0.36,0.63,0.26,0.26,0.53,1.0,0.44,0.21,0.67,0.27,0.57,0.35,0.67,0.16,0.59,0.91,0.93,0.33,0.48,0.46,0.46,0.46,0.49,0.41,0.48,0.96,0.18,0.59,0.69,0.47,0.4,0.26,0.34,0.41,0.18,0.59,0.86,0.4,0.44,0.38,0.59,0.89,0.51,0.72,0.52,0.43,0.61,0.46,0.38,0.68,0.83,0.86,0.7,0.41,0.46,0.59,0.52,0.39,0.65,0.59,0.65,0.41,0.35,0.38,0.38,0.44,0.47,1.0,0.48,0.22,0.81,0.33,0.57,0.46,0.12,0.72,0.34,0.42,1.0,1.0,0.27,0.84,0.79,0.48,0.51,0.54,0.43,1.0,0.26,0.57,0.96,0.48,0.51,0.22,0.54,0.44,0.49,0.37,0.42,0.43,0.41,0.28,0.23,0.3,0.58,0.41,1.0,0.98,0.49,0.6,0.49,0.56,0.28,0.99,0.44,0.42,1.0,0.26,0.23,0.33,0.41,0.28,0.64,0.49,0.9,0.43,0.42,0.33,0.33,0.99,0.25,0.62,0.43,0.49,0.51,0.46,0.33,0.44,0.42,0.88,0.47,0.84,0.73,0.27,0.42,0.63,0.26,0.2,0.51,0.41,1.0,0.57,0.27,0.63,0.85,0.28,0.41,0.47,0.2,0.22,0.43,0.56,0.49,0.42,0.41,0.49,0.43,0.48,0.48,0.98,0.59,0.52,0.46
750471,0.41,0.46,0.46,0.27,0.19,0.39,0.27,0.45,0.42,0.98,0.18,0.83,0.27,0.83,0.29,0.25,0.96,0.4,0.47,0.22,0.85,0.32,0.26,0.98,0.57,0.56,0.37,0.28,0.33,0.7,0.85,0.45,0.36,0.63,0.26,0.26,0.53,1.0,0.44,0.21,0.67,0.27,0.57,0.35,0.67,0.16,0.59,0.91,0.93,0.33,0.48,0.46,0.46,0.46,0.49,0.41,0.48,0.96,0.18,0.59,0.69,0.47,0.4,0.26,0.34,0.41,0.18,0.59,0.86,0.4,0.44,0.38,0.59,0.89,0.51,0.72,0.52,0.43,0.61,0.46,0.38,0.68,0.83,0.86,0.7,0.41,0.46,0.59,0.52,0.39,0.65,0.59,0.65,0.41,0.35,0.38,0.38,0.44,0.47,1.0,0.48,0.22,0.81,0.33,0.57,0.46,0.12,0.72,0.34,0.42,1.0,1.0,0.27,0.84,0.79,0.48,0.51,0.54,0.43,1.0,0.26,0.57,0.96,0.48,0.51,0.22,0.54,0.44,0.49,0.37,0.42,0.43,0.41,0.28,0.23,0.3,0.58,0.41,1.0,0.98,0.49,0.6,0.49,0.56,0.28,0.99,0.44,0.42,1.0,0.26,0.23,0.33,0.41,0.28,0.64,0.49,0.9,0.43,0.42,0.33,0.33,0.99,0.25,0.62,0.43,0.49,0.51,0.46,0.33,0.44,0.42,0.88,0.47,0.84,0.73,0.27,0.42,0.63,0.26,0.2,0.51,0.41,1.0,0.57,0.27,0.63,0.85,0.28,0.41,0.47,0.2,0.22,0.43,0.56,0.49,0.42,0.41,0.49,0.43,0.48,0.48,0.98,0.59,0.52,0.46
740020,0.33,0.41,0.41,0.19,0.21,0.17,0.25,0.32,0.4,0.26,0.13,0.39,0.18,0.27,0.14,0.23,0.39,0.24,0.43,0.22,0.37,0.13,0.17,0.26,0.52,0.51,0.21,0.44,0.25,0.33,0.37,0.41,0.2,0.26,0.17,0.17,0.22,0.27,0.25,0.15,0.58,0.21,0.52,0.29,0.58,0.1,0.26,0.25,0.38,0.32,0.41,0.18,0.33,0.23,0.23,0.2,0.41,0.39,0.11,0.26,0.84,0.31,0.17,0.24,0.2,0.17,0.12,0.26,0.37,0.24,0.38,0.32,0.44,0.24,0.18,0.21,0.47,0.2,0.28,0.23,0.19,0.32,0.35,0.32,0.21,0.28,0.41,0.26,0.42,0.33,0.22,0.71,0.22,0.16,0.19,0.19,0.32,0.26,0.18,0.27,0.34,0.22,0.36,0.53,0.52,0.19,0.14,0.21,0.16,0.4,0.27,0.27,1.0,0.54,0.68,0.57,0.62,0.59,0.43,0.59,0.76,0.62,0.57,0.51,0.57,0.32,0.62,0.81,0.57,0.62,0.84,0.43,0.78,0.76,0.38,0.62,0.57,0.62,0.59,0.59,0.62,0.59,0.76,0.84,0.41,0.57,0.46,0.59,0.59,0.46,0.38,0.62,0.78,0.76,0.65,0.54,0.57,0.81,0.43,0.38,0.51,0.59,0.43,0.59,0.84,0.59,0.62,0.51,0.51,0.43,0.78,0.59,0.76,0.54,0.59,0.65,0.43,0.59,0.46,0.46,0.62,0.78,0.59,0.57,0.78,0.59,0.59,0.41,0.78,0.59,0.46,0.41,0.81,0.57,0.68,0.81,0.81,0.78,0.76,0.59,0.73,0.59,0.57,0.51,0.51
750298,0.45,0.49,0.49,0.28,0.18,0.41,0.28,0.49,0.4,0.83,0.16,0.65,0.27,0.7,0.32,0.21,0.76,0.42,0.47,0.24,0.78,0.34,0.28,0.83,0.57,0.58,0.37,0.33,0.37,0.61,0.78,0.48,0.36,0.47,0.28,0.28,0.49,0.84,0.44,0.19,0.64,0.33,0.57,0.5,0.64,0.14,0.49,0.78,0.73,0.36,0.44,0.42,0.45,0.46,0.4,0.42,0.44,0.76,0.18,0.49,0.65,0.52,0.4,0.24,0.33,0.41,0.21,0.49,0.69,0.42,0.44,0.38,0.61,0.77,0.56,1.0,0.54,0.44,0.69,0.46,0.38,0.59,0.68,0.7,0.75,0.42,0.49,0.49,0.52,0.39,0.71,0.62,0.74,0.48,0.37,0.38,0.39,0.44,0.49,0.84,0.52,0.24,0.68,0.37,0.57,0.45,0.14,1.0,0.35,0.4,0.84,0.84,0.54,1.0,0.59,0.41,0.44,0.47,0.32,0.72,0.24,0.46,0.72,0.44,0.45,0.21,0.39,0.38,0.41,0.31,0.37,0.32,0.37,0.26,0.19,0.29,0.43,0.36,0.72,0.72,0.43,0.5,0.44,0.47,0.23,0.72,0.35,0.36,0.72,0.2,0.19,0.3,0.38,0.26,0.51,0.41,0.71,0.38,0.33,0.33,0.31,0.73,0.21,0.44,0.36,0.43,0.41,0.43,0.31,0.46,0.33,0.62,0.43,1.0,0.53,0.24,0.33,0.5,0.22,0.19,0.44,0.38,0.72,0.51,0.23,0.5,0.62,0.24,0.38,0.44,0.19,0.19,0.36,0.48,0.46,0.39,0.34,0.44,0.38,0.41,0.4,0.72,0.41,0.45,0.37
681902,0.38,0.46,0.46,0.32,0.26,0.36,0.32,0.46,0.48,0.79,0.19,0.76,0.31,0.73,0.26,0.31,0.8,0.42,0.47,0.22,0.72,0.3,0.23,0.79,0.59,0.63,0.36,0.39,0.33,0.6,0.72,0.45,0.36,0.55,0.23,0.23,0.47,0.79,0.48,0.18,0.65,0.27,0.59,0.4,0.65,0.14,0.56,0.72,0.78,0.36,0.61,0.46,0.5,0.46,0.48,0.39,0.61,0.8,0.14,0.56,0.73,0.51,0.37,0.31,0.34,0.38,0.16,0.56,0.69,0.42,0.43,0.41,0.59,0.73,0.41,0.59,0.54,0.4,0.51,0.46,0.43,0.58,0.7,0.83,0.58,0.44,0.46,0.56,0.57,0.39,0.54,0.64,0.54,0.39,0.35,0.43,0.45,0.45,0.42,0.79,0.45,0.32,0.68,0.47,0.59,0.4,0.19,0.59,0.32,0.48,0.79,0.79,0.68,0.59,1.0,0.52,0.48,0.54,0.33,0.71,0.28,0.44,0.71,0.38,0.47,0.2,0.44,0.37,0.42,0.32,0.4,0.33,0.39,0.31,0.21,0.38,0.58,0.36,0.71,0.7,0.47,0.47,0.4,0.46,0.27,0.72,0.33,0.34,0.71,0.28,0.2,0.33,0.4,0.31,0.62,0.42,0.63,0.41,0.34,0.3,0.29,0.7,0.3,0.47,0.41,0.42,0.48,0.42,0.29,0.34,0.48,0.69,0.5,0.61,0.64,0.31,0.34,0.48,0.24,0.21,0.48,0.4,0.71,0.47,0.28,0.48,0.68,0.21,0.4,0.46,0.21,0.23,0.41,0.46,0.52,0.44,0.41,0.4,0.49,0.4,0.5,0.7,0.44,0.36,0.41
741358,0.53,0.61,0.61,0.41,0.21,0.31,0.28,0.61,0.32,0.49,0.18,0.5,0.39,0.46,0.27,0.21,0.5,0.5,0.6,0.24,0.45,0.27,0.21,0.49,0.79,0.58,0.43,0.25,0.35,0.39,0.45,0.59,0.42,0.37,0.21,0.21,0.31,0.48,0.44,0.21,0.65,0.27,0.77,0.36,0.65,0.14,0.36,0.44,0.45,0.29,0.48,0.42,0.51,0.46,0.42,0.42,0.48,0.5,0.18,0.36,0.69,0.68,0.35,0.21,0.37,0.35,0.21,0.36,0.42,0.5,0.53,0.47,0.56,0.44,0.44,0.41,0.7,0.43,0.34,0.46,0.38,0.38,0.43,0.45,0.35,0.49,0.61,0.36,0.64,0.44,0.45,0.66,0.45,0.31,0.37,0.38,0.43,0.54,0.27,0.48,0.63,0.24,0.44,0.3,0.79,0.37,0.15,0.41,0.32,0.32,0.48,0.48,0.57,0.41,0.52,1.0,0.62,0.46,0.21,0.42,0.34,0.35,0.42,0.32,0.53,0.21,0.36,0.45,0.43,0.37,0.42,0.21,0.51,0.35,0.21,0.35,0.49,0.51,0.42,0.42,0.52,0.35,0.47,0.6,0.21,0.43,0.21,0.48,0.42,0.21,0.21,0.36,0.51,0.35,0.42,0.45,0.43,0.52,0.21,0.25,0.34,0.42,0.24,0.34,0.51,0.42,0.53,0.42,0.34,0.26,0.39,0.42,0.62,0.44,0.53,0.33,0.21,0.36,0.2,0.21,0.62,0.5,0.42,0.54,0.32,0.36,0.42,0.2,0.5,0.42,0.21,0.2,0.51,0.45,0.54,0.4,0.39,0.49,0.51,0.41,0.49,0.42,0.34,0.35,0.41
761446,0.6,0.73,0.73,0.64,0.28,0.38,0.35,0.6,0.46,0.5,0.3,0.48,0.61,0.46,0.34,0.33,0.5,0.54,0.67,0.35,0.45,0.27,0.32,0.5,0.79,0.64,0.49,0.39,0.37,0.43,0.45,0.66,0.51,0.39,0.32,0.32,0.4,0.51,0.54,0.31,0.67,0.36,0.79,0.42,0.67,0.19,0.41,0.45,0.53,0.43,0.59,0.41,0.63,0.51,0.42,0.45,0.59,0.5,0.22,0.41,0.78,0.69,0.32,0.4,0.48,0.38,0.26,0.41,0.49,0.54,0.62,0.55,0.63,0.45,0.38,0.44,0.72,0.47,0.42,0.51,0.39,0.42,0.5,0.53,0.44,0.58,0.73,0.41,0.69,0.49,0.47,0.7,0.47,0.34,0.49,0.39,0.56,0.65,0.42,0.51,0.7,0.34,0.47,0.47,0.79,0.39,0.25,0.44,0.31,0.46,0.51,0.51,0.62,0.44,0.48,0.62,1.0,0.28,0.15,0.26,0.2,0.22,0.27,0.24,0.34,0.15,0.24,0.28,0.3,0.28,0.24,0.15,0.31,0.23,0.22,0.32,0.3,0.31,0.26,0.27,0.34,0.22,0.26,0.38,0.19,0.26,0.15,0.3,0.26,0.16,0.14,0.28,0.32,0.23,0.29,0.28,0.26,0.29,0.16,0.17,0.2,0.26,0.19,0.22,0.29,0.28,0.35,0.3,0.22,0.18,0.26,0.26,0.38,0.27,0.31,0.19,0.16,0.22,0.16,0.17,1.0,0.32,0.26,0.49,0.19,0.22,0.26,0.17,0.32,0.3,0.17,0.16,0.29,0.27,0.5,0.24,0.23,0.29,0.34,0.27,0.33,0.27,0.22,0.23,0.27
776430,0.4,0.48,0.48,0.36,0.23,0.5,0.39,0.41,0.4,0.55,0.31,0.52,0.33,0.53,0.38,0.29,0.52,0.47,0.47,0.47,0.47,0.32,0.26,0.55,0.56,0.56,0.44,0.33,0.53,0.4,0.47,0.46,0.51,0.26,0.26,0.26,0.22,0.54,0.57,0.26,0.65,0.24,0.56,0.4,0.65,0.11,0.26,0.51,0.51,0.51,0.49,0.35,0.47,0.56,0.36,0.47,0.49,0.52,0.19,0.26,0.69,0.49,0.67,0.31,0.48,0.48,0.21,0.26,0.46,0.47,0.41,0.38,0.54,0.51,0.23,0.47,0.51,0.49,0.37,0.56,1.0,0.39,0.47,0.61,0.45,0.47,0.48,0.26,0.53,0.46,0.39,0.61,0.39,0.27,0.34,1.0,0.42,0.47,0.24,0.54,0.46,0.32,0.46,0.4,0.56,0.54,0.44,0.47,0.72,0.4,0.54,0.54,0.59,0.47,0.54,0.46,0.28,1.0,0.16,0.38,0.2,0.23,0.39,0.23,0.43,0.18,0.26,0.33,0.4,0.25,0.31,0.16,0.3,0.21,0.25,0.31,0.37,0.28,0.38,0.38,0.43,0.24,0.3,0.33,0.38,0.39,0.15,0.43,0.38,0.23,0.17,0.31,0.31,0.21,0.44,0.4,0.38,0.3,0.16,0.27,0.48,0.38,0.2,0.24,0.3,0.58,0.45,0.33,0.4,0.25,0.3,0.38,0.3,0.38,0.38,0.21,0.16,0.24,0.33,0.42,0.39,0.32,0.38,0.43,0.21,0.24,0.38,0.23,0.32,0.43,0.42,0.22,0.3,0.47,0.48,0.3,0.29,0.3,0.34,0.43,0.35,0.38,0.24,0.25,0.39
696430,0.21,0.24,0.24,0.15,0.19,0.21,0.23,0.24,0.31,0.44,0.21,0.69,0.15,0.34,0.17,0.25,0.67,0.2,0.22,0.2,0.62,0.16,0.3,0.44,0.27,0.27,0.19,0.33,0.29,0.48,0.62,0.23,0.18,1.0,0.3,0.3,0.76,0.43,0.21,0.21,0.31,0.36,0.27,0.2,0.31,0.21,0.87,0.38,0.64,0.22,0.23,0.31,0.2,0.23,0.44,0.21,0.23,0.67,0.23,0.87,0.43,0.21,0.18,0.21,0.17,0.23,0.21,0.87,0.56,0.2,0.24,0.17,0.4,0.39,0.62,0.32,0.25,0.22,0.37,0.23,0.16,0.45,0.57,0.35,0.28,0.22,0.24,0.87,0.25,0.28,0.41,0.41,0.41,0.41,0.21,0.16,0.26,0.17,0.51,0.43,0.25,0.27,0.54,0.37,0.27,0.23,0.15,0.32,0.16,0.31,0.43,0.43,0.43,0.32,0.33,0.21,0.15,0.16,1.0,0.63,0.29,0.53,0.61,0.68,0.34,0.32,0.53,0.32,0.32,0.34,0.29,1.0,0.32,0.29,0.26,0.26,0.53,0.26,0.63,0.58,0.24,0.61,0.42,0.39,0.34,0.66,0.84,0.29,0.63,0.32,0.29,0.29,0.32,0.29,0.34,0.32,0.45,0.26,0.89,0.34,0.34,0.61,0.29,0.61,0.26,0.34,0.26,0.34,0.34,0.92,0.26,0.63,0.45,0.47,0.79,0.32,0.89,0.66,0.29,0.32,0.39,0.32,0.63,0.29,0.29,0.66,0.5,0.42,0.32,0.29,0.32,0.34,0.26,0.34,0.32,0.29,0.26,0.42,0.29,0.29,0.32,0.58,0.55,0.39,0.24
691081,0.41,0.46,0.46,0.27,0.19,0.39,0.27,0.45,0.42,0.98,0.18,0.83,0.27,0.83,0.29,0.25,0.96,0.4,0.47,0.22,0.85,0.32,0.26,0.98,0.57,0.56,0.37,0.28,0.33,0.7,0.85,0.45,0.36,0.63,0.26,0.26,0.53,1.0,0.44,0.21,0.67,0.27,0.57,0.35,0.67,0.16,0.59,0.91,0.93,0.33,0.48,0.46,0.46,0.46,0.49,0.41,0.48,0.96,0.18,0.59,0.69,0.47,0.4,0.26,0.34,0.41,0.18,0.59,0.86,0.4,0.44,0.38,0.59,0.89,0.51,0.72,0.52,0.43,0.61,0.46,0.38,0.68,0.83,0.86,0.7,0.41,0.46,0.59,0.52,0.39,0.65,0.59,0.65,0.41,0.35,0.38,0.38,0.44,0.47,1.0,0.48,0.22,0.81,0.33,0.57,0.46,0.12,0.72,0.34,0.42,1.0,1.0,0.59,0.72,0.71,0.42,0.26,0.38,0.63,1.0,0.26,0.57,0.96,0.48,0.51,0.22,0.54,0.44,0.49,0.37,0.42,0.43,0.41,0.28,0.23,0.3,0.58,0.41,1.0,0.98,0.49,0.6,0.49,0.56,0.28,0.99,0.44,0.42,1.0,0.26,0.23,0.33,0.41,0.28,0.64,0.49,0.9,0.43,0.42,0.33,0.33,0.99,0.25,0.62,0.43,0.49,0.51,0.46,0.33,0.44,0.42,0.88,0.47,0.84,0.73,0.27,0.42,0.63,0.26,0.2,0.51,0.41,1.0,0.57,0.27,0.63,0.85,0.28,0.41,0.47,0.2,0.22,0.43,0.56,0.49,0.42,0.41,0.49,0.43,0.48,0.48,0.98,0.59,0.52,0.46
741591,0.38,0.49,0.49,0.2,0.18,0.18,0.26,0.32,0.46,0.28,0.15,0.43,0.19,0.28,0.15,0.19,0.43,0.26,0.46,0.18,0.42,0.14,0.17,0.28,0.58,0.54,0.22,0.56,0.27,0.4,0.42,0.48,0.21,0.29,0.17,0.17,0.24,0.26,0.25,0.15,0.53,0.21,0.57,0.39,0.53,0.11,0.28,0.26,0.42,0.3,0.44,0.25,0.37,0.25,0.27,0.2,0.44,0.43,0.12,0.28,0.92,0.39,0.19,0.21,0.21,0.19,0.14,0.28,0.39,0.26,0.39,0.34,0.47,0.26,0.21,0.24,0.54,0.21,0.3,0.26,0.2,0.41,0.38,0.31,0.22,0.26,0.49,0.28,0.46,0.39,0.24,1.0,0.24,0.17,0.21,0.2,0.33,0.29,0.24,0.26,0.38,0.22,0.42,0.67,0.58,0.2,0.17,0.24,0.17,0.46,0.26,0.26,0.76,0.24,0.28,0.34,0.2,0.2,0.29,0.26,1.0,0.75,0.61,0.59,0.66,0.32,0.7,0.68,0.59,0.68,0.8,0.41,0.88,0.91,0.39,0.66,0.7,0.64,0.59,0.61,0.59,0.66,0.8,0.8,0.36,0.61,0.41,0.64,0.59,0.36,0.32,0.68,0.86,0.91,0.61,0.61,0.59,0.88,0.41,0.36,0.55,0.59,0.36,0.62,0.8,0.62,0.66,0.59,0.55,0.43,0.75,0.59,0.91,0.62,0.62,0.73,0.41,0.66,0.41,0.39,0.7,0.86,0.59,0.66,0.8,0.66,0.61,0.38,0.86,0.62,0.39,0.36,0.82,0.62,0.7,0.8,0.79,0.8,0.86,0.62,0.77,0.61,0.64,0.61,0.61
691201,0.36,0.39,0.39,0.22,0.21,0.23,0.28,0.33,0.48,0.57,0.18,0.76,0.22,0.49,0.17,0.23,0.87,0.29,0.39,0.16,0.87,0.19,0.21,0.57,0.43,0.39,0.28,0.36,0.33,0.91,0.87,0.41,0.27,0.53,0.21,0.21,0.44,0.57,0.27,0.18,0.44,0.24,0.43,0.34,0.44,0.15,0.49,0.53,0.85,0.36,0.3,0.42,0.37,0.29,0.34,0.23,0.3,0.87,0.16,0.49,0.73,0.37,0.24,0.21,0.25,0.25,0.18,0.49,0.78,0.29,0.36,0.33,0.59,0.53,0.31,0.46,0.4,0.24,0.54,0.3,0.23,0.93,0.78,0.49,0.36,0.29,0.39,0.49,0.41,0.47,0.44,0.75,0.44,0.25,0.24,0.23,0.37,0.34,0.42,0.57,0.37,0.24,0.93,0.43,0.43,0.28,0.15,0.46,0.21,0.48,0.57,0.57,0.62,0.46,0.44,0.35,0.22,0.23,0.53,0.57,0.75,1.0,0.64,0.53,0.34,0.25,0.62,0.34,0.32,0.45,0.36,0.44,0.38,0.42,0.23,0.34,0.67,0.32,0.63,0.63,0.34,0.71,0.36,0.37,0.32,0.64,0.44,0.3,0.63,0.27,0.25,0.37,0.37,0.42,0.44,0.32,0.58,0.36,0.42,0.23,0.34,0.63,0.3,0.75,0.34,0.37,0.33,0.33,0.36,0.44,0.32,0.56,0.4,0.64,0.51,0.4,0.42,0.71,0.27,0.22,0.4,0.36,0.63,0.38,0.37,0.71,0.56,0.29,0.36,0.36,0.22,0.26,0.34,0.37,0.38,0.37,0.33,0.36,0.37,0.33,0.4,0.63,0.78,0.64,0.3
750717,0.4,0.48,0.48,0.27,0.19,0.39,0.27,0.51,0.43,0.98,0.18,0.83,0.27,0.92,0.29,0.23,0.96,0.4,0.46,0.2,0.85,0.32,0.26,0.98,0.56,0.54,0.39,0.31,0.33,0.72,0.85,0.46,0.36,0.61,0.26,0.26,0.47,0.96,0.44,0.19,0.69,0.27,0.56,0.36,0.69,0.16,0.44,0.99,0.95,0.32,0.46,0.46,0.47,0.46,0.48,0.41,0.46,0.96,0.16,0.44,0.67,0.47,0.39,0.24,0.34,0.41,0.18,0.44,0.98,0.4,0.42,0.38,0.59,1.0,0.51,0.72,0.51,0.43,0.6,0.46,0.39,0.7,1.0,0.83,0.69,0.4,0.48,0.44,0.53,0.39,0.65,0.61,0.65,0.5,0.35,0.39,0.37,0.44,0.47,0.96,0.47,0.24,0.83,0.37,0.56,0.44,0.14,0.72,0.35,0.43,0.96,0.96,0.57,0.72,0.71,0.42,0.27,0.39,0.61,0.96,0.61,0.64,1.0,0.44,0.47,0.2,0.49,0.44,0.45,0.33,0.41,0.39,0.4,0.28,0.19,0.28,0.55,0.36,0.89,0.98,0.47,0.67,0.42,0.48,0.27,0.91,0.34,0.36,0.89,0.22,0.2,0.3,0.4,0.28,0.55,0.45,0.82,0.39,0.32,0.31,0.31,0.94,0.25,0.65,0.39,0.44,0.47,0.42,0.31,0.41,0.38,0.77,0.43,0.77,0.66,0.26,0.32,0.58,0.24,0.18,0.45,0.41,0.89,0.5,0.27,0.58,0.86,0.24,0.41,0.43,0.18,0.2,0.39,0.5,0.47,0.41,0.36,0.42,0.43,0.44,0.45,0.98,0.57,0.49,0.42
685740,0.33,0.34,0.34,0.24,0.26,0.28,0.26,0.32,0.43,0.48,0.18,0.7,0.22,0.41,0.21,0.27,0.69,0.29,0.35,0.18,0.62,0.2,0.32,0.48,0.4,0.34,0.28,0.31,0.32,0.58,0.62,0.36,0.28,0.68,0.32,0.32,0.69,0.48,0.3,0.15,0.4,0.33,0.4,0.27,0.4,0.17,0.67,0.45,0.67,0.32,0.28,0.44,0.35,0.31,0.36,0.27,0.28,0.69,0.18,0.67,0.65,0.37,0.23,0.21,0.27,0.29,0.19,0.67,0.61,0.29,0.31,0.33,0.6,0.44,0.64,0.44,0.36,0.28,0.46,0.31,0.23,0.57,0.62,0.42,0.41,0.29,0.34,0.67,0.38,0.47,0.43,0.59,0.43,0.38,0.23,0.23,0.39,0.3,0.53,0.48,0.36,0.24,0.63,0.3,0.4,0.29,0.14,0.44,0.21,0.43,0.48,0.48,0.51,0.44,0.38,0.32,0.24,0.23,0.68,0.48,0.59,0.53,0.44,1.0,0.41,0.28,0.48,0.34,0.39,0.43,0.34,0.54,0.36,0.38,0.26,0.41,0.69,0.34,0.44,0.44,0.41,0.44,0.34,0.43,0.3,0.44,0.59,0.39,0.44,0.31,0.28,0.44,0.34,0.38,0.44,0.39,0.44,0.34,0.54,0.31,0.38,0.44,0.34,0.48,0.34,0.38,0.41,0.33,0.38,0.62,0.33,0.41,0.36,0.46,0.48,0.33,0.54,0.44,0.26,0.26,0.43,0.34,0.44,0.44,0.34,0.44,0.41,0.33,0.34,0.43,0.26,0.3,0.34,0.44,0.44,0.36,0.33,0.34,0.36,0.43,0.39,0.44,0.48,0.48,0.39
778953,0.53,0.59,0.59,0.37,0.25,0.39,0.31,0.59,0.37,0.5,0.22,0.46,0.36,0.49,0.39,0.44,0.46,1.0,0.57,0.29,0.42,0.28,0.38,0.5,0.72,0.56,0.46,0.31,0.4,0.37,0.42,0.56,0.49,0.34,0.38,0.38,0.36,0.51,0.75,0.19,0.64,0.33,0.72,0.36,0.64,0.17,0.33,0.47,0.45,0.38,0.49,0.35,0.55,0.79,0.39,0.67,0.49,0.46,0.16,0.33,0.69,0.63,0.42,0.29,0.45,0.43,0.37,0.33,0.42,1.0,0.48,0.44,0.81,0.47,0.31,0.45,0.65,0.78,0.4,0.78,0.43,0.36,0.42,0.55,0.5,0.68,0.59,0.33,0.61,0.53,0.45,0.66,0.45,0.3,0.4,0.43,0.4,0.55,0.4,0.51,0.64,0.39,0.42,0.37,0.72,0.45,0.24,0.45,0.4,0.37,0.51,0.51,0.57,0.45,0.47,0.53,0.34,0.43,0.34,0.51,0.66,0.34,0.47,0.41,1.0,0.36,0.31,0.41,0.69,0.32,0.35,0.2,0.44,0.29,0.21,0.31,0.41,0.44,0.4,0.4,0.73,0.29,0.45,0.46,0.22,0.4,0.19,0.43,0.4,0.28,0.25,0.34,0.44,0.29,0.47,0.58,0.4,0.43,0.19,0.25,0.32,0.4,0.25,0.28,0.44,0.39,0.81,0.54,0.34,0.26,0.34,0.4,0.5,0.42,0.49,0.25,0.19,0.29,0.22,0.22,0.54,0.44,0.4,0.57,0.26,0.29,0.4,0.22,0.44,0.65,0.22,0.26,0.43,0.41,0.55,0.33,0.33,0.46,0.48,0.38,0.46,0.4,0.28,0.32,0.63
779050,0.2,0.21,0.21,0.16,0.35,0.21,0.16,0.22,0.29,0.22,0.25,0.33,0.14,0.22,0.19,0.6,0.33,0.36,0.2,0.24,0.32,0.15,0.47,0.22,0.22,0.22,0.19,0.22,0.36,0.25,0.32,0.2,0.18,0.32,0.47,0.47,0.31,0.22,0.38,0.21,0.25,0.48,0.22,0.21,0.25,0.17,0.31,0.21,0.33,0.26,0.21,0.17,0.19,0.4,0.25,0.32,0.21,0.33,0.15,0.31,0.35,0.23,0.19,0.43,0.18,0.23,1.0,0.31,0.31,0.36,0.21,0.16,0.43,0.2,0.28,0.21,0.2,0.39,0.34,0.4,0.18,0.25,0.3,0.22,0.19,0.32,0.21,0.31,0.2,0.4,0.23,0.32,0.23,0.22,0.17,0.18,0.26,0.19,0.36,0.22,0.25,0.54,0.31,0.27,0.22,0.23,0.24,0.21,0.19,0.29,0.22,0.22,0.32,0.21,0.2,0.21,0.15,0.18,0.32,0.22,0.32,0.25,0.2,0.28,0.36,1.0,0.19,0.21,0.32,0.18,0.16,0.21,0.19,0.14,0.23,0.18,0.16,0.19,0.18,0.18,0.37,0.18,0.21,0.3,0.21,0.18,0.21,0.25,0.18,0.51,0.54,0.21,0.19,0.14,0.26,0.3,0.21,0.14,0.21,0.26,0.3,0.18,0.33,0.19,0.16,0.19,0.4,0.58,0.25,0.21,0.16,0.19,0.32,0.21,0.25,0.14,0.21,0.18,0.16,0.23,0.26,0.19,0.18,0.23,0.14,0.18,0.19,0.28,0.19,0.3,0.23,0.35,0.14,0.19,0.19,0.16,0.14,0.26,0.18,0.14,0.16,0.18,0.19,0.26,0.3
687229,0.35,0.4,0.4,0.22,0.21,0.23,0.28,0.34,0.46,0.54,0.15,0.78,0.22,0.47,0.18,0.23,0.81,0.31,0.41,0.18,0.77,0.19,0.23,0.54,0.48,0.44,0.28,0.39,0.36,0.64,0.77,0.41,0.25,0.53,0.23,0.23,0.44,0.54,0.31,0.19,0.47,0.24,0.48,0.28,0.47,0.13,0.51,0.49,0.8,0.36,0.37,0.28,0.37,0.33,0.44,0.28,0.37,0.81,0.15,0.51,0.78,0.37,0.27,0.24,0.25,0.26,0.19,0.51,0.73,0.31,0.39,0.35,0.59,0.49,0.28,0.39,0.44,0.29,0.54,0.33,0.26,0.62,0.72,0.51,0.36,0.33,0.4,0.51,0.46,0.47,0.41,0.7,0.41,0.28,0.23,0.26,0.39,0.34,0.31,0.54,0.39,0.27,0.73,0.47,0.48,0.28,0.14,0.39,0.25,0.46,0.54,0.54,0.62,0.39,0.44,0.36,0.24,0.26,0.53,0.54,0.7,0.62,0.49,0.48,0.31,0.19,1.0,0.42,0.44,0.56,0.47,0.52,0.45,0.47,0.37,0.44,0.55,0.37,0.71,0.69,0.45,0.73,0.44,0.47,0.37,0.71,0.53,0.42,0.71,0.31,0.35,0.44,0.45,0.47,0.52,0.44,0.61,0.44,0.52,0.29,0.45,0.69,0.37,0.73,0.44,0.4,0.45,0.37,0.45,0.52,0.42,0.65,0.45,0.6,0.61,0.44,0.52,0.74,0.32,0.26,0.5,0.44,0.71,0.55,0.48,0.74,0.63,0.35,0.44,0.45,0.26,0.32,0.44,0.45,0.48,0.47,0.42,0.44,0.45,0.42,0.45,0.69,0.69,0.61,0.42
801695,0.53,0.62,0.62,0.28,0.26,0.3,0.27,0.46,0.49,0.46,0.25,0.46,0.27,0.46,0.24,0.33,0.46,0.41,0.67,0.2,0.42,0.24,0.21,0.46,0.77,0.69,0.33,0.5,0.27,0.37,0.42,0.66,0.33,0.32,0.21,0.21,0.33,0.44,0.38,0.19,0.82,0.24,0.77,0.42,0.82,0.15,0.31,0.44,0.45,0.32,0.55,0.25,0.66,0.38,0.58,0.31,0.55,0.46,0.15,0.31,0.78,0.52,0.29,0.33,0.37,0.38,0.21,0.31,0.42,0.41,0.59,0.51,0.47,0.44,0.28,0.38,0.69,0.32,0.31,0.38,0.33,0.36,0.43,0.48,0.35,0.41,0.62,0.31,0.82,0.33,0.32,0.68,0.32,0.29,0.28,0.33,0.34,0.48,0.29,0.44,0.54,0.37,0.41,0.57,0.77,0.35,0.21,0.38,0.27,0.49,0.44,0.44,0.81,0.38,0.37,0.45,0.28,0.33,0.32,0.44,0.68,0.34,0.44,0.34,0.41,0.21,0.42,1.0,0.35,0.3,0.41,0.2,0.5,0.34,0.18,0.3,0.38,0.51,0.39,0.39,0.48,0.32,0.35,0.61,0.22,0.39,0.21,0.52,0.39,0.22,0.19,0.32,0.57,0.34,0.4,0.35,0.4,0.48,0.2,0.25,0.27,0.39,0.23,0.35,0.48,0.41,0.45,0.37,0.28,0.25,0.39,0.39,0.44,0.39,0.49,0.31,0.2,0.31,0.18,0.18,0.46,0.5,0.39,0.46,0.33,0.31,0.39,0.19,0.5,0.36,0.18,0.19,0.48,0.38,0.51,0.41,0.41,0.35,0.49,0.35,0.57,0.39,0.3,0.3,0.34
779381,0.43,0.44,0.44,0.34,0.35,0.45,0.3,0.42,0.32,0.49,0.16,0.46,0.32,0.48,0.44,0.4,0.46,0.69,0.43,0.27,0.4,0.26,0.38,0.49,0.53,0.51,0.38,0.25,0.49,0.36,0.4,0.44,0.4,0.32,0.38,0.38,0.27,0.49,0.8,0.23,0.58,0.52,0.53,0.35,0.58,0.12,0.31,0.46,0.45,0.3,0.52,0.39,0.41,0.86,0.38,0.79,0.52,0.46,0.15,0.31,0.63,0.49,0.44,0.33,0.35,0.4,0.32,0.31,0.42,0.69,0.38,0.36,0.81,0.45,0.26,0.41,0.48,0.91,0.46,0.84,0.4,0.35,0.42,0.49,0.42,0.51,0.44,0.31,0.45,0.84,0.37,0.59,0.37,0.31,0.44,0.4,0.43,0.41,0.33,0.49,0.52,0.46,0.42,0.27,0.53,0.42,0.21,0.41,0.42,0.32,0.49,0.49,0.57,0.41,0.42,0.43,0.3,0.4,0.32,0.49,0.59,0.32,0.45,0.39,0.69,0.32,0.44,0.35,1.0,0.27,0.31,0.2,0.32,0.22,0.2,0.26,0.43,0.33,0.38,0.38,0.59,0.24,0.33,0.36,0.21,0.38,0.2,0.33,0.38,0.34,0.35,0.3,0.31,0.22,0.41,0.74,0.38,0.31,0.19,0.26,0.35,0.38,0.33,0.23,0.31,0.36,0.62,0.41,0.36,0.29,0.36,0.38,0.42,0.39,0.39,0.18,0.19,0.24,0.18,0.18,0.46,0.31,0.38,0.4,0.2,0.24,0.38,0.23,0.31,0.7,0.18,0.3,0.31,0.38,0.44,0.29,0.29,0.33,0.37,0.38,0.33,0.38,0.24,0.29,0.66
711814,0.36,0.36,0.36,0.41,0.21,0.27,0.34,0.36,0.46,0.35,0.18,0.54,0.38,0.36,0.24,0.23,0.54,0.32,0.39,0.24,0.5,0.18,0.23,0.35,0.42,0.36,0.44,0.31,0.41,0.48,0.5,0.38,0.35,0.34,0.23,0.23,0.29,0.37,0.32,0.21,0.44,0.33,0.43,0.32,0.44,0.14,0.33,0.34,0.56,0.39,0.35,0.32,0.37,0.34,0.29,0.27,0.35,0.54,0.18,0.33,0.71,0.39,0.27,0.26,0.32,0.3,0.18,0.33,0.51,0.32,0.36,0.37,0.6,0.33,0.28,0.31,0.39,0.29,0.4,0.33,0.25,0.46,0.48,0.35,0.26,0.33,0.36,0.33,0.41,0.51,0.3,0.68,0.3,0.2,0.28,0.25,0.73,0.34,0.31,0.37,0.39,0.24,0.53,0.37,0.42,0.32,0.17,0.31,0.25,0.46,0.37,0.37,0.62,0.31,0.32,0.37,0.28,0.25,0.34,0.37,0.68,0.45,0.33,0.43,0.32,0.18,0.56,0.3,0.27,1.0,0.36,0.28,0.37,0.42,0.29,0.7,0.49,0.37,0.42,0.42,0.41,0.42,0.35,0.41,0.33,0.41,0.27,0.35,0.42,0.27,0.25,0.52,0.36,0.42,0.43,0.41,0.42,0.36,0.28,0.27,0.45,0.42,0.28,0.44,0.36,0.45,0.41,0.39,0.5,0.29,0.39,0.42,0.41,0.41,0.44,0.36,0.28,0.42,0.27,0.3,0.53,0.36,0.42,0.5,0.37,0.42,0.42,0.32,0.36,0.41,0.3,0.28,0.36,0.49,0.67,0.35,0.34,0.36,0.39,0.47,0.41,0.42,0.43,0.42,0.39
738186,0.45,0.61,0.61,0.25,0.28,0.29,0.27,0.47,0.46,0.43,0.15,0.43,0.23,0.45,0.24,0.27,0.43,0.35,0.57,0.22,0.4,0.22,0.19,0.43,0.73,0.76,0.3,0.58,0.27,0.37,0.4,0.58,0.29,0.29,0.19,0.19,0.24,0.42,0.4,0.16,0.82,0.21,0.73,0.45,0.82,0.11,0.28,0.43,0.42,0.33,0.61,0.32,0.47,0.39,0.47,0.35,0.61,0.43,0.12,0.28,0.92,0.48,0.29,0.31,0.28,0.3,0.16,0.28,0.42,0.35,0.48,0.39,0.47,0.41,0.21,0.37,0.66,0.34,0.3,0.39,0.31,0.36,0.4,0.48,0.34,0.36,0.61,0.28,0.63,0.37,0.33,0.8,0.33,0.28,0.32,0.31,0.32,0.37,0.24,0.42,0.51,0.29,0.42,0.7,0.73,0.32,0.17,0.37,0.27,0.46,0.42,0.42,0.84,0.37,0.4,0.42,0.24,0.31,0.29,0.42,0.8,0.36,0.41,0.34,0.35,0.16,0.47,0.41,0.31,0.36,1.0,0.27,0.84,0.55,0.29,0.39,0.6,0.61,0.56,0.6,0.55,0.4,0.58,0.61,0.29,0.56,0.29,0.61,0.56,0.29,0.24,0.4,0.79,0.55,0.61,0.55,0.6,0.76,0.27,0.4,0.32,0.56,0.32,0.37,0.85,0.58,0.58,0.52,0.32,0.4,0.69,0.56,0.61,0.56,0.56,0.45,0.27,0.39,0.27,0.26,0.65,0.79,0.56,0.63,0.58,0.39,0.6,0.26,0.79,0.6,0.26,0.27,0.76,0.56,0.65,0.76,0.73,0.61,0.76,0.56,0.69,0.6,0.37,0.34,0.5
765837,0.21,0.24,0.24,0.15,0.19,0.21,0.23,0.24,0.31,0.44,0.21,0.69,0.15,0.34,0.17,0.25,0.67,0.2,0.22,0.2,0.62,0.16,0.3,0.44,0.27,0.27,0.19,0.33,0.29,0.48,0.62,0.23,0.18,1.0,0.3,0.3,0.76,0.43,0.21,0.21,0.31,0.36,0.27,0.2,0.31,0.21,0.87,0.38,0.64,0.22,0.23,0.31,0.2,0.23,0.44,0.21,0.23,0.67,0.23,0.87,0.43,0.21,0.18,0.21,0.17,0.23,0.21,0.87,0.56,0.2,0.24,0.17,0.4,0.39,0.62,0.32,0.25,0.22,0.37,0.23,0.16,0.45,0.57,0.35,0.28,0.22,0.24,0.87,0.25,0.28,0.41,0.41,0.41,0.41,0.21,0.16,0.26,0.17,0.51,0.43,0.25,0.27,0.54,0.37,0.27,0.23,0.15,0.32,0.16,0.31,0.43,0.43,0.43,0.32,0.33,0.21,0.15,0.16,1.0,0.43,0.41,0.44,0.39,0.54,0.2,0.21,0.52,0.2,0.2,0.28,0.27,1.0,0.32,0.29,0.26,0.26,0.53,0.26,0.63,0.58,0.24,0.61,0.42,0.39,0.34,0.66,0.84,0.29,0.63,0.32,0.29,0.29,0.32,0.29,0.34,0.32,0.45,0.26,0.89,0.34,0.34,0.61,0.29,0.61,0.26,0.34,0.26,0.34,0.34,0.92,0.26,0.63,0.45,0.47,0.79,0.32,0.89,0.66,0.29,0.32,0.39,0.32,0.63,0.29,0.29,0.66,0.5,0.42,0.32,0.29,0.32,0.34,0.26,0.34,0.32,0.29,0.26,0.42,0.29,0.29,0.32,0.58,0.55,0.39,0.24
738291,0.68,0.92,0.92,0.31,0.18,0.29,0.27,0.49,0.45,0.43,0.15,0.44,0.29,0.42,0.24,0.27,0.44,0.44,0.81,0.2,0.42,0.22,0.23,0.43,0.86,0.73,0.38,0.58,0.27,0.42,0.42,0.83,0.37,0.32,0.23,0.23,0.27,0.41,0.42,0.15,0.78,0.21,0.86,0.51,0.78,0.11,0.31,0.4,0.44,0.32,0.58,0.35,0.56,0.41,0.47,0.36,0.58,0.44,0.14,0.31,0.88,0.62,0.29,0.26,0.35,0.31,0.19,0.31,0.39,0.44,0.65,0.45,0.47,0.4,0.21,0.37,0.78,0.36,0.3,0.42,0.3,0.39,0.38,0.45,0.34,0.4,0.92,0.31,0.73,0.4,0.42,0.88,0.42,0.27,0.32,0.3,0.32,0.49,0.24,0.41,0.66,0.32,0.41,0.67,0.86,0.32,0.17,0.37,0.28,0.45,0.41,0.41,0.78,0.37,0.39,0.51,0.31,0.3,0.32,0.41,0.88,0.38,0.4,0.36,0.44,0.19,0.45,0.5,0.32,0.37,0.84,0.32,1.0,0.56,0.2,0.34,0.45,0.79,0.43,0.44,0.52,0.35,0.55,0.76,0.19,0.44,0.22,0.61,0.43,0.2,0.19,0.39,0.88,0.56,0.43,0.44,0.43,0.65,0.22,0.29,0.3,0.43,0.19,0.33,0.64,0.46,0.56,0.41,0.31,0.29,0.48,0.43,0.75,0.44,0.54,0.36,0.22,0.35,0.22,0.2,0.67,0.87,0.43,0.59,0.44,0.35,0.44,0.19,0.87,0.42,0.2,0.2,0.66,0.44,0.61,0.52,0.53,0.73,0.67,0.55,0.6,0.44,0.33,0.31,0.4
741462,0.43,0.55,0.55,0.23,0.18,0.2,0.3,0.35,0.49,0.3,0.15,0.46,0.23,0.3,0.18,0.21,0.46,0.29,0.53,0.18,0.43,0.15,0.17,0.3,0.56,0.54,0.24,0.56,0.28,0.43,0.43,0.53,0.25,0.29,0.17,0.17,0.24,0.28,0.3,0.15,0.53,0.21,0.57,0.44,0.53,0.11,0.28,0.29,0.45,0.3,0.48,0.27,0.38,0.3,0.29,0.24,0.48,0.46,0.12,0.28,0.92,0.38,0.19,0.21,0.24,0.2,0.14,0.28,0.42,0.29,0.45,0.37,0.54,0.28,0.21,0.26,0.52,0.26,0.33,0.31,0.21,0.43,0.42,0.34,0.24,0.31,0.55,0.28,0.48,0.42,0.25,0.91,0.25,0.17,0.24,0.21,0.41,0.33,0.24,0.28,0.41,0.22,0.46,0.67,0.56,0.22,0.17,0.26,0.18,0.49,0.28,0.28,0.76,0.26,0.31,0.35,0.23,0.21,0.29,0.28,0.91,0.42,0.28,0.38,0.29,0.14,0.47,0.34,0.22,0.42,0.55,0.29,0.56,1.0,0.35,0.59,0.59,0.64,0.51,0.52,0.54,0.55,0.63,0.77,0.3,0.52,0.35,0.52,0.51,0.33,0.27,0.61,0.73,1.0,0.52,0.55,0.51,0.63,0.34,0.29,0.48,0.51,0.32,0.53,0.66,0.53,0.61,0.54,0.48,0.34,0.63,0.51,0.86,0.53,0.52,0.59,0.34,0.55,0.36,0.34,0.64,0.73,0.51,0.59,0.63,0.55,0.52,0.33,0.73,0.54,0.34,0.32,0.64,0.52,0.63,0.63,0.67,0.73,0.65,0.59,0.61,0.52,0.54,0.52,0.54
776592,0.19,0.21,0.21,0.21,0.26,0.17,0.2,0.23,0.29,0.22,0.28,0.31,0.23,0.2,0.26,0.19,0.33,0.21,0.2,0.35,0.3,0.13,0.26,0.22,0.26,0.27,0.24,0.28,0.2,0.25,0.3,0.2,0.24,0.26,0.26,0.26,0.22,0.23,0.25,0.34,0.27,0.36,0.26,0.2,0.27,0.1,0.26,0.21,0.31,0.36,0.27,0.21,0.2,0.26,0.3,0.22,0.27,0.33,0.15,0.26,0.41,0.23,0.24,0.21,0.24,0.27,0.23,0.26,0.31,0.21,0.2,0.18,0.4,0.19,0.26,0.19,0.24,0.23,0.27,0.26,0.25,0.25,0.28,0.22,0.18,0.24,0.21,0.26,0.26,0.32,0.2,0.39,0.2,0.19,0.26,0.25,0.35,0.24,0.29,0.23,0.25,0.22,0.31,0.33,0.26,0.28,0.43,0.19,0.24,0.29,0.23,0.23,0.38,0.19,0.21,0.21,0.22,0.25,0.26,0.23,0.39,0.23,0.19,0.26,0.21,0.23,0.37,0.18,0.2,0.29,0.29,0.26,0.2,0.35,1.0,0.23,0.21,0.14,0.15,0.15,0.14,0.14,0.14,0.18,0.25,0.14,0.15,0.58,0.15,0.13,0.17,0.15,0.14,0.17,0.23,0.15,0.15,0.14,0.14,0.18,0.21,0.15,0.2,0.14,0.14,0.24,0.15,0.15,0.13,0.17,0.14,0.15,0.17,0.14,0.17,0.15,0.14,0.14,0.25,0.24,0.34,0.14,0.15,0.21,0.14,0.14,0.15,0.15,0.14,0.15,0.24,0.14,0.14,0.2,0.32,0.17,0.14,0.14,0.14,0.17,0.14,0.15,0.14,0.17,0.15
776530,0.38,0.39,0.39,0.44,0.23,0.32,0.45,0.34,0.43,0.3,0.18,0.46,0.5,0.29,0.28,0.29,0.46,0.31,0.39,0.24,0.43,0.17,0.26,0.3,0.43,0.37,0.36,0.33,0.36,0.36,0.43,0.39,0.42,0.26,0.26,0.26,0.22,0.3,0.31,0.18,0.44,0.3,0.44,0.28,0.44,0.12,0.26,0.28,0.45,0.38,0.38,0.28,0.37,0.33,0.22,0.26,0.38,0.46,0.15,0.26,0.71,0.41,0.24,0.31,0.4,0.32,0.18,0.26,0.41,0.31,0.35,0.36,0.59,0.28,0.26,0.29,0.4,0.28,0.36,0.31,0.31,0.35,0.42,0.35,0.25,0.34,0.39,0.26,0.4,0.47,0.28,0.66,0.28,0.18,0.26,0.31,0.73,0.37,0.24,0.3,0.42,0.32,0.41,0.4,0.43,0.35,0.22,0.29,0.22,0.43,0.3,0.3,0.62,0.29,0.38,0.35,0.32,0.31,0.26,0.3,0.66,0.34,0.28,0.41,0.31,0.18,0.44,0.3,0.26,0.7,0.39,0.26,0.34,0.59,0.23,1.0,0.49,0.34,0.36,0.36,0.44,0.38,0.35,0.39,0.31,0.37,0.24,0.36,0.36,0.3,0.22,0.62,0.35,0.42,0.41,0.4,0.36,0.34,0.26,0.25,0.38,0.36,0.3,0.37,0.34,0.4,0.44,0.41,0.42,0.27,0.41,0.36,0.4,0.37,0.38,0.34,0.26,0.38,0.29,0.34,0.59,0.36,0.36,0.47,0.34,0.38,0.36,0.26,0.36,0.43,0.34,0.31,0.34,0.44,0.85,0.34,0.33,0.35,0.42,0.41,0.39,0.36,0.37,0.36,0.41
691488,0.42,0.47,0.47,0.39,0.21,0.4,0.3,0.48,0.46,0.59,0.19,0.65,0.35,0.57,0.35,0.23,0.63,0.41,0.47,0.22,0.58,0.28,0.3,0.59,0.56,0.58,0.41,0.36,0.33,0.63,0.58,0.46,0.42,0.53,0.3,0.3,0.44,0.58,0.46,0.18,0.64,0.3,0.56,0.47,0.64,0.16,0.49,0.54,0.62,0.34,0.56,1.0,0.47,0.49,0.47,0.42,0.56,0.63,0.15,0.49,0.71,0.6,0.38,0.24,0.4,0.44,0.16,0.49,0.56,0.41,0.41,0.39,0.59,0.55,0.51,0.43,0.51,0.44,0.36,0.5,0.37,0.65,0.57,0.57,0.38,0.41,0.47,0.49,0.54,0.51,0.43,0.7,0.43,0.48,0.42,0.37,0.47,0.48,0.44,0.58,0.48,0.27,0.73,0.43,0.56,0.45,0.22,0.43,0.33,0.46,0.58,0.58,0.57,0.43,0.58,0.49,0.3,0.37,0.53,0.58,0.7,0.67,0.55,0.69,0.41,0.16,0.55,0.38,0.43,0.49,0.6,0.53,0.45,0.59,0.21,0.49,1.0,0.31,0.46,0.46,0.38,0.3,0.31,0.35,0.22,0.46,0.33,0.28,0.46,0.18,0.17,0.25,0.32,0.27,0.39,0.38,0.42,0.32,0.31,0.31,0.2,0.46,0.21,0.33,0.32,0.38,0.35,0.36,0.23,0.46,0.35,0.41,0.33,0.42,0.46,0.25,0.31,0.3,0.19,0.17,0.41,0.32,0.46,0.43,0.22,0.3,0.41,0.19,0.32,0.4,0.17,0.17,0.32,0.36,0.46,0.31,0.3,0.31,0.39,0.32,0.36,0.46,0.39,0.31,0.36
740134,0.91,0.81,0.81,0.31,0.21,0.29,0.25,0.53,0.31,0.39,0.12,0.41,0.29,0.4,0.25,0.25,0.41,0.44,0.85,0.22,0.38,0.21,0.21,0.39,0.79,0.58,0.37,0.28,0.28,0.33,0.38,0.83,0.35,0.26,0.21,0.21,0.27,0.41,0.38,0.18,0.71,0.24,0.79,0.38,0.71,0.11,0.26,0.38,0.4,0.33,0.48,0.31,0.48,0.4,0.42,0.36,0.48,0.41,0.11,0.26,0.69,0.79,0.28,0.24,0.35,0.3,0.19,0.26,0.39,0.44,0.66,0.46,0.5,0.36,0.21,0.36,0.67,0.36,0.31,0.4,0.28,0.32,0.37,0.43,0.33,0.48,0.81,0.26,0.62,0.39,0.4,0.64,0.4,0.26,0.34,0.28,0.34,0.45,0.2,0.41,0.9,0.24,0.37,0.33,0.79,0.32,0.11,0.36,0.27,0.31,0.41,0.41,0.62,0.36,0.36,0.51,0.31,0.28,0.26,0.41,0.64,0.32,0.36,0.34,0.44,0.19,0.37,0.51,0.33,0.37,0.61,0.26,0.79,0.64,0.14,0.34,0.31,1.0,0.42,0.42,0.49,0.36,0.57,0.79,0.2,0.41,0.22,0.55,0.42,0.21,0.2,0.41,0.79,0.44,0.43,0.44,0.42,0.55,0.21,0.27,0.33,0.42,0.21,0.34,0.57,0.45,0.54,0.41,0.33,0.27,0.41,0.42,0.77,0.44,0.51,0.33,0.21,0.36,0.23,0.21,0.61,0.7,0.42,0.67,0.38,0.36,0.42,0.21,0.7,0.42,0.21,0.2,0.58,0.44,0.66,0.43,0.44,0.69,0.55,0.53,0.5,0.42,0.34,0.33,0.41
690960,0.41,0.46,0.46,0.27,0.19,0.39,0.27,0.45,0.42,0.98,0.18,0.83,0.27,0.83,0.29,0.25,0.96,0.4,0.47,0.22,0.85,0.32,0.26,0.98,0.57,0.56,0.37,0.28,0.33,0.7,0.85,0.45,0.36,0.63,0.26,0.26,0.53,1.0,0.44,0.21,0.67,0.27,0.57,0.35,0.67,0.16,0.59,0.91,0.93,0.33,0.48,0.46,0.46,0.46,0.49,0.41,0.48,0.96,0.18,0.59,0.69,0.47,0.4,0.26,0.34,0.41,0.18,0.59,0.86,0.4,0.44,0.38,0.59,0.89,0.51,0.72,0.52,0.43,0.61,0.46,0.38,0.68,0.83,0.86,0.7,0.41,0.46,0.59,0.52,0.39,0.65,0.59,0.65,0.41,0.35,0.38,0.38,0.44,0.47,1.0,0.48,0.22,0.81,0.33,0.57,0.46,0.12,0.72,0.34,0.42,1.0,1.0,0.59,0.72,0.71,0.42,0.26,0.38,0.63,1.0,0.59,0.63,0.89,0.44,0.4,0.18,0.71,0.39,0.38,0.42,0.56,0.63,0.43,0.51,0.15,0.36,0.46,0.42,1.0,0.98,0.49,0.6,0.49,0.56,0.28,0.99,0.44,0.42,1.0,0.26,0.23,0.33,0.41,0.28,0.64,0.49,0.9,0.43,0.42,0.33,0.33,0.99,0.25,0.62,0.43,0.49,0.51,0.46,0.33,0.44,0.42,0.88,0.47,0.84,0.73,0.27,0.42,0.63,0.26,0.2,0.51,0.41,1.0,0.57,0.27,0.63,0.85,0.28,0.41,0.47,0.2,0.22,0.43,0.56,0.49,0.42,0.41,0.49,0.43,0.48,0.48,0.98,0.59,0.52,0.46
750138,0.41,0.47,0.47,0.27,0.19,0.39,0.27,0.52,0.42,0.95,0.16,0.8,0.26,0.93,0.29,0.25,0.93,0.4,0.47,0.22,0.82,0.32,0.26,0.95,0.57,0.56,0.38,0.31,0.33,0.7,0.82,0.46,0.36,0.58,0.26,0.26,0.47,0.98,0.44,0.19,0.71,0.27,0.57,0.36,0.71,0.15,0.44,1.0,0.91,0.33,0.48,0.46,0.46,0.46,0.48,0.41,0.48,0.93,0.16,0.44,0.69,0.47,0.39,0.26,0.34,0.41,0.18,0.44,1.0,0.4,0.43,0.38,0.59,0.98,0.51,0.72,0.52,0.43,0.6,0.46,0.38,0.68,0.97,0.84,0.69,0.41,0.47,0.44,0.54,0.39,0.64,0.61,0.64,0.49,0.35,0.38,0.37,0.44,0.47,0.98,0.48,0.22,0.81,0.37,0.57,0.45,0.12,0.72,0.34,0.42,0.98,0.98,0.59,0.72,0.7,0.42,0.27,0.38,0.58,0.98,0.61,0.63,0.98,0.44,0.4,0.18,0.69,0.39,0.38,0.42,0.6,0.58,0.44,0.52,0.15,0.36,0.46,0.42,0.98,1.0,0.47,0.66,0.44,0.49,0.26,0.9,0.36,0.38,0.91,0.23,0.22,0.31,0.4,0.29,0.6,0.46,0.83,0.4,0.32,0.31,0.31,0.97,0.24,0.63,0.4,0.45,0.47,0.43,0.31,0.41,0.39,0.79,0.44,0.78,0.66,0.25,0.32,0.56,0.24,0.18,0.45,0.4,0.91,0.52,0.29,0.56,0.89,0.25,0.4,0.44,0.18,0.21,0.4,0.51,0.46,0.43,0.38,0.44,0.43,0.45,0.45,1.0,0.55,0.48,0.43
779313,0.48,0.56,0.56,0.37,0.28,0.37,0.26,0.55,0.37,0.49,0.18,0.44,0.36,0.49,0.29,0.44,0.44,0.73,0.56,0.31,0.4,0.26,0.34,0.49,0.72,0.58,0.42,0.28,0.37,0.37,0.4,0.54,0.44,0.24,0.34,0.34,0.22,0.49,0.71,0.18,0.64,0.24,0.72,0.38,0.64,0.11,0.21,0.47,0.44,0.33,0.56,0.38,0.47,0.66,0.38,0.56,0.56,0.44,0.14,0.21,0.69,0.62,0.41,0.4,0.45,0.39,0.37,0.21,0.42,0.73,0.47,0.47,0.59,0.47,0.18,0.43,0.65,0.59,0.39,0.66,0.43,0.36,0.42,0.55,0.43,0.76,0.56,0.21,0.64,0.54,0.43,0.59,0.43,0.27,0.37,0.43,0.43,0.6,0.27,0.49,0.59,0.39,0.41,0.33,0.72,0.38,0.17,0.43,0.38,0.37,0.49,0.49,0.62,0.43,0.47,0.52,0.34,0.43,0.24,0.49,0.59,0.34,0.47,0.41,0.73,0.37,0.45,0.48,0.59,0.41,0.55,0.24,0.52,0.54,0.14,0.44,0.38,0.49,0.49,0.47,1.0,0.3,0.43,0.48,0.23,0.42,0.19,0.33,0.41,0.37,0.29,0.32,0.43,0.3,0.48,0.53,0.42,0.44,0.18,0.25,0.31,0.41,0.3,0.3,0.44,0.38,0.7,0.54,0.34,0.27,0.39,0.41,0.47,0.41,0.44,0.25,0.18,0.3,0.21,0.21,0.55,0.43,0.41,0.56,0.26,0.3,0.42,0.21,0.43,0.54,0.21,0.29,0.44,0.4,0.56,0.34,0.34,0.43,0.48,0.38,0.41,0.42,0.3,0.34,0.52
749555,0.36,0.4,0.4,0.22,0.19,0.24,0.28,0.41,0.43,0.62,0.18,0.83,0.21,0.63,0.18,0.23,0.94,0.29,0.39,0.15,0.97,0.19,0.19,0.62,0.43,0.39,0.29,0.31,0.35,0.7,0.97,0.4,0.25,0.61,0.19,0.19,0.51,0.6,0.27,0.19,0.49,0.27,0.43,0.32,0.49,0.16,0.56,0.66,0.93,0.34,0.3,0.3,0.35,0.29,0.34,0.26,0.3,0.94,0.16,0.56,0.69,0.37,0.25,0.24,0.24,0.27,0.18,0.56,0.97,0.29,0.36,0.35,0.6,0.67,0.33,0.5,0.4,0.27,0.58,0.29,0.24,0.68,0.98,0.52,0.39,0.3,0.4,0.56,0.4,0.39,0.49,0.66,0.51,0.37,0.25,0.24,0.38,0.32,0.31,0.6,0.37,0.24,0.81,0.37,0.43,0.28,0.14,0.5,0.22,0.43,0.6,0.6,0.59,0.5,0.47,0.35,0.22,0.24,0.61,0.6,0.66,0.71,0.67,0.44,0.29,0.18,0.73,0.32,0.24,0.42,0.4,0.61,0.35,0.55,0.14,0.38,0.3,0.36,0.6,0.66,0.3,1.0,0.39,0.42,0.36,0.77,0.53,0.33,0.74,0.29,0.27,0.41,0.38,0.39,0.44,0.36,0.65,0.36,0.52,0.3,0.39,0.82,0.33,0.85,0.35,0.38,0.36,0.36,0.41,0.53,0.32,0.67,0.36,0.71,0.61,0.38,0.52,0.88,0.3,0.23,0.45,0.39,0.74,0.44,0.38,0.88,0.79,0.33,0.39,0.35,0.23,0.29,0.35,0.42,0.45,0.39,0.33,0.39,0.39,0.36,0.39,0.86,0.74,0.64,0.33
741654,0.54,0.57,0.57,0.29,0.25,0.31,0.28,0.58,0.46,0.48,0.21,0.5,0.27,0.46,0.26,0.29,0.5,0.45,0.57,0.2,0.47,0.25,0.21,0.48,0.75,0.56,0.36,0.61,0.31,0.37,0.47,0.55,0.36,0.42,0.21,0.21,0.36,0.49,0.37,0.23,0.73,0.3,0.75,0.36,0.73,0.14,0.41,0.44,0.47,0.32,0.44,0.31,0.38,0.39,0.36,0.35,0.44,0.5,0.16,0.41,0.9,0.6,0.31,0.33,0.36,0.35,0.21,0.41,0.44,0.45,0.62,0.39,0.5,0.42,0.31,0.44,0.64,0.36,0.42,0.39,0.3,0.36,0.42,0.49,0.42,0.45,0.57,0.41,0.6,0.37,0.49,0.8,0.49,0.37,0.35,0.3,0.33,0.47,0.31,0.49,0.67,0.27,0.42,0.7,0.75,0.38,0.18,0.44,0.27,0.46,0.49,0.49,0.76,0.44,0.4,0.47,0.26,0.3,0.42,0.49,0.8,0.36,0.42,0.34,0.45,0.21,0.44,0.35,0.33,0.35,0.58,0.42,0.55,0.63,0.14,0.35,0.31,0.57,0.49,0.44,0.43,0.39,1.0,0.9,0.3,0.55,0.38,0.49,0.54,0.33,0.27,0.4,0.73,0.46,0.54,0.47,0.5,0.71,0.36,0.39,0.35,0.53,0.34,0.42,0.73,0.53,0.64,0.47,0.34,0.46,0.55,0.54,0.88,0.54,0.55,0.41,0.36,0.43,0.3,0.28,0.65,0.74,0.54,0.63,0.5,0.43,0.53,0.33,0.74,0.52,0.28,0.29,0.75,0.51,0.66,0.6,0.6,0.91,0.73,0.47,0.57,0.53,0.4,0.41,0.43
740848,0.76,0.8,0.8,0.37,0.28,0.41,0.31,0.64,0.71,0.54,0.21,0.56,0.37,0.52,0.3,0.33,0.56,0.46,0.83,0.27,0.5,0.27,0.28,0.54,0.75,0.59,0.41,0.56,0.32,0.4,0.5,0.81,0.4,0.39,0.28,0.28,0.36,0.56,0.38,0.23,0.65,0.33,0.78,0.48,0.65,0.14,0.38,0.49,0.53,0.36,0.49,0.35,0.58,0.4,0.36,0.39,0.49,0.56,0.16,0.38,0.96,0.6,0.33,0.33,0.46,0.47,0.3,0.38,0.49,0.46,1.0,0.5,0.57,0.48,0.28,0.47,0.72,0.39,0.48,0.4,0.33,0.39,0.47,0.56,0.45,0.59,0.8,0.38,0.64,0.39,0.51,0.8,0.51,0.35,0.35,0.33,0.39,0.5,0.31,0.56,0.67,0.32,0.46,0.67,0.75,0.49,0.19,0.47,0.29,0.71,0.56,0.56,0.84,0.47,0.46,0.6,0.38,0.33,0.39,0.56,0.8,0.37,0.48,0.43,0.46,0.3,0.47,0.61,0.36,0.41,0.61,0.39,0.76,0.77,0.18,0.39,0.35,0.79,0.56,0.49,0.48,0.42,0.9,1.0,0.2,0.39,0.23,0.41,0.39,0.22,0.22,0.36,0.58,0.4,0.39,0.36,0.37,0.46,0.22,0.24,0.29,0.39,0.21,0.33,0.47,0.38,0.41,0.36,0.3,0.25,0.38,0.39,0.64,0.39,0.44,0.31,0.22,0.34,0.2,0.19,0.53,0.53,0.39,0.52,0.35,0.34,0.39,0.22,0.53,0.37,0.19,0.19,0.46,0.39,0.56,0.39,0.41,0.59,0.44,0.41,0.45,0.39,0.32,0.33,0.33
776464,0.19,0.22,0.22,0.2,0.35,0.19,0.28,0.2,0.34,0.29,0.48,0.44,0.19,0.27,0.23,0.38,0.44,0.22,0.2,0.4,0.4,0.17,0.26,0.29,0.26,0.27,0.26,0.31,0.32,0.34,0.4,0.21,0.25,0.34,0.26,0.26,0.36,0.28,0.29,0.4,0.33,0.39,0.26,0.23,0.33,0.24,0.33,0.26,0.42,0.36,0.28,0.22,0.22,0.28,0.27,0.22,0.28,0.44,0.23,0.33,0.41,0.23,0.39,0.36,0.26,0.3,0.21,0.33,0.39,0.22,0.22,0.2,0.43,0.27,0.31,0.23,0.24,0.23,0.31,0.28,0.38,0.33,0.4,0.29,0.23,0.24,0.22,0.33,0.27,0.28,0.26,0.36,0.26,0.22,0.25,0.38,0.31,0.22,0.36,0.28,0.24,0.39,0.39,0.37,0.26,0.29,0.43,0.23,0.47,0.34,0.28,0.28,0.41,0.23,0.27,0.21,0.19,0.38,0.34,0.28,0.36,0.32,0.27,0.3,0.22,0.21,0.37,0.22,0.21,0.33,0.29,0.34,0.19,0.3,0.25,0.31,0.22,0.2,0.28,0.26,0.23,0.36,0.3,0.2,1.0,0.16,0.16,0.25,0.15,0.21,0.18,0.18,0.12,0.12,0.19,0.14,0.16,0.13,0.15,0.15,0.21,0.15,0.24,0.13,0.13,0.38,0.16,0.19,0.16,0.15,0.15,0.15,0.16,0.13,0.19,0.14,0.15,0.16,0.24,0.32,0.26,0.12,0.15,0.12,0.12,0.16,0.14,0.21,0.12,0.16,0.32,0.19,0.13,0.13,0.35,0.12,0.13,0.16,0.14,0.14,0.13,0.14,0.15,0.2,0.14
691220,0.4,0.48,0.48,0.28,0.19,0.39,0.27,0.44,0.43,1.0,0.19,0.87,0.27,0.82,0.29,0.23,1.0,0.4,0.46,0.2,0.88,0.32,0.26,1.0,0.56,0.54,0.38,0.31,0.33,0.72,0.88,0.46,0.36,0.66,0.26,0.26,0.56,0.99,0.44,0.21,0.64,0.27,0.56,0.36,0.64,0.17,0.62,0.9,0.96,0.32,0.46,0.46,0.47,0.46,0.49,0.41,0.46,1.0,0.18,0.62,0.67,0.47,0.4,0.24,0.34,0.42,0.18,0.62,0.85,0.4,0.43,0.38,0.59,0.91,0.51,0.72,0.51,0.43,0.61,0.46,0.39,0.7,0.87,0.84,0.7,0.4,0.48,0.62,0.52,0.39,0.66,0.61,0.66,0.41,0.36,0.39,0.38,0.44,0.47,0.99,0.47,0.24,0.83,0.37,0.56,0.45,0.14,0.72,0.35,0.43,0.99,0.99,0.57,0.72,0.72,0.43,0.26,0.39,0.66,0.99,0.61,0.64,0.91,0.44,0.4,0.18,0.71,0.39,0.38,0.41,0.56,0.66,0.44,0.52,0.14,0.37,0.46,0.41,0.99,0.9,0.42,0.77,0.55,0.39,0.16,1.0,0.44,0.4,0.98,0.24,0.22,0.32,0.43,0.3,0.62,0.49,0.89,0.41,0.43,0.33,0.33,0.96,0.26,0.63,0.41,0.49,0.5,0.45,0.33,0.44,0.4,0.85,0.46,0.83,0.73,0.28,0.43,0.65,0.26,0.2,0.5,0.44,0.98,0.55,0.28,0.65,0.83,0.27,0.44,0.46,0.2,0.22,0.41,0.55,0.5,0.43,0.39,0.48,0.46,0.48,0.49,0.95,0.61,0.52,0.45
748345,0.23,0.24,0.24,0.14,0.23,0.22,0.24,0.27,0.31,0.44,0.21,0.69,0.14,0.39,0.18,0.31,0.67,0.19,0.23,0.22,0.62,0.17,0.3,0.44,0.28,0.29,0.18,0.36,0.29,0.48,0.62,0.23,0.18,0.84,0.3,0.3,0.8,0.44,0.2,0.24,0.33,0.39,0.28,0.2,0.33,0.22,0.82,0.36,0.64,0.24,0.21,0.33,0.2,0.21,0.43,0.21,0.21,0.67,0.2,0.82,0.45,0.22,0.18,0.36,0.17,0.25,0.21,0.82,0.58,0.19,0.26,0.17,0.41,0.34,0.67,0.35,0.26,0.22,0.4,0.21,0.15,0.45,0.57,0.38,0.3,0.24,0.24,0.82,0.26,0.26,0.43,0.41,0.43,0.44,0.21,0.15,0.24,0.19,0.53,0.44,0.28,0.27,0.54,0.37,0.28,0.26,0.17,0.35,0.14,0.31,0.44,0.44,0.46,0.35,0.33,0.21,0.15,0.15,0.84,0.44,0.41,0.44,0.34,0.59,0.19,0.21,0.53,0.21,0.2,0.27,0.29,0.84,0.22,0.35,0.15,0.24,0.33,0.22,0.44,0.36,0.19,0.53,0.38,0.23,0.16,0.44,1.0,0.29,0.61,0.37,0.34,0.27,0.29,0.27,0.34,0.32,0.49,0.27,0.78,0.39,0.34,0.59,0.27,0.56,0.27,0.29,0.29,0.32,0.34,0.9,0.27,0.61,0.49,0.51,0.66,0.29,0.78,0.61,0.27,0.24,0.46,0.29,0.61,0.44,0.29,0.61,0.56,0.44,0.29,0.24,0.24,0.27,0.27,0.32,0.29,0.29,0.27,0.44,0.27,0.24,0.29,0.49,0.51,0.37,0.2
776411,0.52,0.6,0.6,0.3,0.21,0.3,0.25,0.4,0.32,0.4,0.27,0.41,0.3,0.4,0.27,0.25,0.41,0.43,0.57,0.38,0.38,0.23,0.3,0.4,0.58,0.58,0.36,0.28,0.29,0.31,0.38,0.56,0.35,0.29,0.3,0.3,0.24,0.42,0.4,0.29,0.64,0.33,0.58,0.37,0.64,0.11,0.28,0.38,0.38,0.38,0.45,0.28,0.47,0.4,0.6,0.36,0.45,0.41,0.2,0.28,0.67,0.57,0.4,0.26,0.29,0.34,0.25,0.28,0.37,0.43,0.48,0.39,0.47,0.36,0.26,0.36,0.53,0.37,0.39,0.4,0.43,0.3,0.35,0.43,0.35,0.34,0.6,0.28,0.47,0.37,0.35,0.64,0.35,0.28,0.36,0.43,0.36,0.41,0.24,0.42,0.6,0.29,0.37,0.37,0.58,0.37,0.53,0.36,0.37,0.32,0.42,0.42,0.59,0.36,0.34,0.48,0.3,0.43,0.29,0.42,0.64,0.3,0.36,0.39,0.43,0.25,0.42,0.52,0.33,0.35,0.61,0.29,0.61,0.52,0.58,0.36,0.28,0.55,0.42,0.38,0.33,0.33,0.49,0.41,0.25,0.4,0.29,1.0,0.24,0.13,0.15,0.2,0.35,0.2,0.23,0.24,0.24,0.25,0.17,0.23,0.18,0.24,0.14,0.2,0.26,0.3,0.32,0.24,0.17,0.23,0.23,0.24,0.27,0.24,0.3,0.17,0.17,0.18,0.21,0.24,0.34,0.35,0.24,0.35,0.18,0.18,0.24,0.17,0.35,0.26,0.24,0.13,0.25,0.25,0.28,0.24,0.24,0.26,0.32,0.25,0.3,0.24,0.17,0.18,0.23
691185,0.41,0.46,0.46,0.27,0.19,0.39,0.27,0.45,0.42,0.98,0.18,0.83,0.27,0.83,0.29,0.25,0.96,0.4,0.47,0.22,0.85,0.32,0.26,0.98,0.57,0.56,0.37,0.28,0.33,0.7,0.85,0.45,0.36,0.63,0.26,0.26,0.53,1.0,0.44,0.21,0.67,0.27,0.57,0.35,0.67,0.16,0.59,0.91,0.93,0.33,0.48,0.46,0.46,0.46,0.49,0.41,0.48,0.96,0.18,0.59,0.69,0.47,0.4,0.26,0.34,0.41,0.18,0.59,0.86,0.4,0.44,0.38,0.59,0.89,0.51,0.72,0.52,0.43,0.61,0.46,0.38,0.68,0.83,0.86,0.7,0.41,0.46,0.59,0.52,0.39,0.65,0.59,0.65,0.41,0.35,0.38,0.38,0.44,0.47,1.0,0.48,0.22,0.81,0.33,0.57,0.46,0.12,0.72,0.34,0.42,1.0,1.0,0.59,0.72,0.71,0.42,0.26,0.38,0.63,1.0,0.59,0.63,0.89,0.44,0.4,0.18,0.71,0.39,0.38,0.42,0.56,0.63,0.43,0.51,0.15,0.36,0.46,0.42,1.0,0.91,0.41,0.74,0.54,0.39,0.15,0.98,0.61,0.24,1.0,0.26,0.23,0.33,0.41,0.28,0.64,0.49,0.9,0.43,0.42,0.33,0.33,0.99,0.25,0.62,0.43,0.49,0.51,0.46,0.33,0.44,0.42,0.88,0.47,0.84,0.73,0.27,0.42,0.63,0.26,0.2,0.51,0.41,1.0,0.57,0.27,0.63,0.85,0.28,0.41,0.47,0.2,0.22,0.43,0.56,0.49,0.42,0.41,0.49,0.43,0.48,0.48,0.98,0.59,0.52,0.46
779303,0.22,0.23,0.23,0.18,0.58,0.16,0.26,0.22,0.28,0.24,0.24,0.37,0.17,0.24,0.13,1.0,0.37,0.28,0.22,0.27,0.33,0.15,0.43,0.24,0.27,0.31,0.17,0.31,0.31,0.3,0.33,0.22,0.19,0.32,0.43,0.43,0.27,0.26,0.35,0.21,0.33,0.33,0.27,0.19,0.33,0.12,0.31,0.23,0.36,0.26,0.25,0.18,0.19,0.34,0.26,0.28,0.25,0.37,0.18,0.31,0.45,0.22,0.19,0.64,0.22,0.2,0.51,0.31,0.34,0.28,0.25,0.18,0.4,0.22,0.28,0.2,0.25,0.29,0.28,0.34,0.23,0.29,0.32,0.31,0.19,0.36,0.23,0.31,0.25,0.44,0.21,0.36,0.21,0.17,0.19,0.23,0.26,0.21,0.27,0.26,0.27,0.66,0.34,0.37,0.27,0.22,0.24,0.2,0.17,0.28,0.26,0.26,0.46,0.2,0.28,0.21,0.16,0.23,0.32,0.26,0.36,0.27,0.22,0.31,0.28,0.51,0.31,0.22,0.34,0.27,0.29,0.32,0.2,0.33,0.13,0.3,0.18,0.21,0.26,0.23,0.37,0.29,0.33,0.22,0.21,0.24,0.37,0.13,0.26,1.0,0.65,0.29,0.29,0.21,0.44,0.4,0.25,0.27,0.25,0.21,0.25,0.25,0.67,0.23,0.27,0.25,0.33,0.65,0.27,0.25,0.23,0.25,0.31,0.21,0.25,0.25,0.25,0.23,0.27,0.27,0.33,0.29,0.25,0.27,0.23,0.23,0.25,0.33,0.29,0.4,0.27,0.58,0.27,0.21,0.33,0.27,0.27,0.33,0.25,0.17,0.23,0.25,0.23,0.27,0.4
779284,0.21,0.21,0.21,0.15,0.49,0.22,0.2,0.2,0.26,0.22,0.19,0.33,0.14,0.23,0.17,0.65,0.33,0.25,0.21,0.2,0.3,0.13,0.49,0.22,0.25,0.25,0.17,0.22,0.37,0.27,0.3,0.2,0.15,0.29,0.49,0.49,0.24,0.23,0.32,0.19,0.27,0.52,0.25,0.19,0.27,0.12,0.28,0.22,0.33,0.22,0.2,0.17,0.18,0.34,0.25,0.33,0.2,0.33,0.16,0.28,0.39,0.21,0.19,0.57,0.17,0.19,0.54,0.28,0.32,0.25,0.22,0.16,0.44,0.2,0.26,0.19,0.22,0.35,0.33,0.34,0.17,0.26,0.3,0.23,0.18,0.28,0.21,0.28,0.22,0.4,0.22,0.32,0.22,0.19,0.18,0.17,0.24,0.19,0.24,0.23,0.26,0.59,0.31,0.27,0.25,0.21,0.17,0.19,0.18,0.26,0.23,0.23,0.38,0.19,0.2,0.21,0.14,0.17,0.29,0.23,0.32,0.25,0.2,0.28,0.25,0.54,0.35,0.19,0.35,0.25,0.24,0.29,0.19,0.27,0.17,0.22,0.17,0.2,0.23,0.22,0.29,0.27,0.27,0.22,0.18,0.22,0.34,0.15,0.23,0.65,1.0,0.27,0.25,0.18,0.32,0.39,0.25,0.23,0.25,0.34,0.32,0.25,0.61,0.25,0.23,0.2,0.36,0.48,0.32,0.25,0.2,0.27,0.32,0.25,0.23,0.16,0.25,0.23,0.2,0.18,0.32,0.25,0.25,0.3,0.2,0.23,0.27,0.34,0.25,0.39,0.18,0.57,0.23,0.23,0.3,0.23,0.23,0.3,0.2,0.18,0.2,0.25,0.25,0.25,0.39
776149,0.4,0.39,0.39,0.32,0.23,0.38,1.0,0.34,0.45,0.32,0.18,0.46,0.35,0.33,0.46,0.29,0.46,0.34,0.41,0.29,0.45,0.18,0.28,0.32,0.48,0.37,0.33,0.33,0.45,0.37,0.45,0.4,0.47,0.29,0.28,0.28,0.24,0.33,0.37,0.16,0.45,0.27,0.48,0.36,0.45,0.1,0.28,0.31,0.45,0.46,0.37,0.25,0.35,0.38,0.29,0.31,0.37,0.46,0.16,0.28,0.71,0.41,0.3,0.31,0.45,0.39,0.21,0.28,0.42,0.34,0.36,0.36,0.63,0.3,0.26,0.3,0.39,0.33,0.37,0.38,0.31,0.36,0.42,0.36,0.28,0.34,0.39,0.28,0.43,0.49,0.29,0.68,0.29,0.2,0.25,0.31,0.5,0.37,0.27,0.33,0.47,0.32,0.42,0.4,0.48,0.4,0.21,0.3,0.29,0.45,0.33,0.33,0.62,0.3,0.33,0.36,0.28,0.31,0.29,0.33,0.68,0.37,0.3,0.44,0.34,0.21,0.44,0.32,0.3,0.52,0.4,0.29,0.39,0.61,0.15,0.62,0.25,0.41,0.33,0.31,0.32,0.41,0.4,0.36,0.18,0.32,0.27,0.2,0.33,0.29,0.27,1.0,0.27,0.3,0.33,0.29,0.27,0.26,0.23,0.2,0.32,0.27,0.27,0.27,0.27,0.35,0.31,0.26,0.35,0.24,0.27,0.27,0.28,0.28,0.27,0.28,0.23,0.28,0.26,0.29,0.35,0.27,0.27,0.34,0.28,0.28,0.27,0.24,0.27,0.33,0.29,0.25,0.27,0.39,0.48,0.27,0.26,0.27,0.29,0.37,0.27,0.27,0.27,0.27,0.29
740740,0.8,0.99,0.99,0.3,0.26,0.29,0.27,0.53,0.46,0.43,0.15,0.44,0.28,0.42,0.24,0.29,0.44,0.44,0.89,0.22,0.43,0.22,0.23,0.43,0.86,0.78,0.38,0.61,0.27,0.37,0.43,1.0,0.36,0.32,0.23,0.23,0.27,0.41,0.4,0.15,0.78,0.21,0.86,0.47,0.78,0.11,0.31,0.4,0.44,0.33,0.61,0.32,0.57,0.39,0.47,0.35,0.61,0.44,0.14,0.31,0.9,0.67,0.29,0.29,0.35,0.31,0.19,0.31,0.39,0.44,0.71,0.49,0.47,0.4,0.21,0.38,0.81,0.34,0.3,0.39,0.31,0.36,0.38,0.47,0.34,0.47,0.99,0.31,0.72,0.37,0.42,0.86,0.43,0.27,0.32,0.31,0.32,0.48,0.24,0.41,0.64,0.34,0.41,0.7,0.86,0.32,0.17,0.38,0.28,0.46,0.41,0.41,0.78,0.38,0.4,0.51,0.32,0.31,0.32,0.41,0.86,0.37,0.4,0.34,0.44,0.19,0.45,0.57,0.31,0.36,0.79,0.32,0.88,0.73,0.14,0.35,0.32,0.79,0.41,0.4,0.43,0.38,0.73,0.58,0.12,0.43,0.29,0.35,0.41,0.29,0.25,0.27,1.0,0.53,0.46,0.45,0.45,0.66,0.23,0.28,0.34,0.45,0.24,0.38,0.66,0.48,0.58,0.44,0.35,0.29,0.51,0.45,0.8,0.48,0.55,0.41,0.23,0.4,0.23,0.22,0.66,0.88,0.45,0.68,0.47,0.4,0.46,0.2,0.88,0.48,0.22,0.22,0.65,0.47,0.7,0.53,0.52,0.7,0.71,0.55,0.61,0.46,0.38,0.35,0.43
740725,0.43,0.55,0.55,0.23,0.18,0.2,0.3,0.35,0.49,0.3,0.15,0.46,0.23,0.3,0.18,0.21,0.46,0.29,0.53,0.18,0.43,0.15,0.17,0.3,0.56,0.54,0.24,0.56,0.28,0.43,0.43,0.53,0.25,0.29,0.17,0.17,0.24,0.28,0.3,0.15,0.53,0.21,0.57,0.44,0.53,0.11,0.28,0.29,0.45,0.3,0.48,0.27,0.38,0.3,0.29,0.24,0.48,0.46,0.12,0.28,0.92,0.38,0.19,0.21,0.24,0.2,0.14,0.28,0.42,0.29,0.45,0.37,0.54,0.28,0.21,0.26,0.52,0.26,0.33,0.31,0.21,0.43,0.42,0.34,0.24,0.31,0.55,0.28,0.48,0.42,0.25,0.91,0.25,0.17,0.24,0.21,0.41,0.33,0.24,0.28,0.41,0.22,0.46,0.67,0.56,0.22,0.17,0.26,0.18,0.49,0.28,0.28,0.76,0.26,0.31,0.35,0.23,0.21,0.29,0.28,0.91,0.42,0.28,0.38,0.29,0.14,0.47,0.34,0.22,0.42,0.55,0.29,0.56,1.0,0.17,0.42,0.27,0.44,0.28,0.29,0.3,0.39,0.46,0.4,0.12,0.3,0.27,0.2,0.28,0.21,0.18,0.3,0.53,1.0,0.52,0.55,0.51,0.63,0.34,0.29,0.48,0.51,0.32,0.53,0.66,0.53,0.61,0.54,0.48,0.34,0.63,0.51,0.86,0.53,0.52,0.59,0.34,0.55,0.36,0.34,0.64,0.73,0.51,0.59,0.63,0.55,0.52,0.33,0.73,0.54,0.34,0.32,0.64,0.52,0.63,0.63,0.67,0.73,0.65,0.59,0.61,0.52,0.54,0.52,0.54
779522,0.43,0.47,0.47,0.29,0.37,0.41,0.33,0.42,0.43,0.62,0.27,0.61,0.28,0.65,0.31,0.44,0.59,0.47,0.48,0.31,0.53,0.34,0.23,0.62,0.58,0.59,0.37,0.33,0.37,0.48,0.53,0.46,0.4,0.34,0.23,0.23,0.36,0.64,0.5,0.26,0.71,0.3,0.58,0.36,0.71,0.17,0.33,0.6,0.6,0.45,0.51,0.39,0.47,0.49,0.43,0.43,0.51,0.59,0.16,0.33,0.73,0.49,0.39,0.5,0.37,0.47,0.26,0.33,0.56,0.47,0.44,0.38,0.63,0.55,0.31,0.51,0.53,0.45,0.45,0.49,0.44,0.46,0.48,0.74,0.5,0.47,0.47,0.33,0.56,0.4,0.44,0.61,0.44,0.3,0.39,0.44,0.36,0.48,0.33,0.64,0.51,0.44,0.54,0.4,0.58,0.48,0.26,0.51,0.36,0.43,0.64,0.64,0.65,0.51,0.62,0.42,0.29,0.44,0.34,0.64,0.61,0.44,0.55,0.44,0.47,0.26,0.52,0.4,0.41,0.43,0.61,0.34,0.43,0.52,0.23,0.41,0.39,0.43,0.64,0.6,0.48,0.44,0.54,0.39,0.19,0.62,0.34,0.23,0.64,0.44,0.32,0.33,0.46,0.52,1.0,0.46,0.57,0.41,0.24,0.3,0.31,0.57,0.29,0.35,0.41,0.46,0.51,0.44,0.31,0.36,0.4,0.59,0.43,0.53,0.57,0.27,0.24,0.34,0.26,0.23,0.52,0.4,0.57,0.59,0.3,0.34,0.59,0.27,0.4,0.48,0.23,0.3,0.41,0.48,0.49,0.42,0.38,0.43,0.42,0.43,0.44,0.57,0.34,0.37,0.43
779580,0.44,0.46,0.46,0.31,0.28,0.44,0.29,0.44,0.34,0.49,0.22,0.46,0.29,0.48,0.42,0.4,0.46,0.58,0.44,0.27,0.4,0.26,0.38,0.49,0.53,0.51,0.37,0.25,0.48,0.36,0.4,0.45,0.36,0.32,0.38,0.38,0.27,0.49,0.89,0.21,0.58,0.48,0.53,0.35,0.58,0.12,0.31,0.46,0.45,0.3,0.52,0.38,0.41,0.94,0.39,1.0,0.52,0.46,0.15,0.31,0.65,0.49,0.42,0.33,0.35,0.4,0.3,0.31,0.42,0.58,0.4,0.36,0.76,0.45,0.26,0.41,0.48,0.86,0.46,0.94,0.4,0.35,0.42,0.49,0.42,0.52,0.46,0.31,0.45,0.63,0.37,0.61,0.37,0.31,0.4,0.4,0.42,0.4,0.36,0.49,0.52,0.46,0.42,0.3,0.53,0.42,0.15,0.41,0.41,0.34,0.49,0.49,0.54,0.41,0.42,0.45,0.28,0.4,0.32,0.49,0.61,0.32,0.45,0.39,0.58,0.3,0.44,0.35,0.74,0.41,0.55,0.32,0.44,0.55,0.15,0.4,0.38,0.44,0.49,0.46,0.53,0.36,0.47,0.36,0.14,0.49,0.32,0.24,0.49,0.4,0.39,0.29,0.45,0.55,0.46,1.0,0.41,0.33,0.2,0.28,0.35,0.41,0.26,0.24,0.35,0.36,0.63,0.46,0.37,0.31,0.38,0.41,0.45,0.42,0.42,0.19,0.2,0.26,0.19,0.19,0.45,0.35,0.41,0.43,0.2,0.26,0.41,0.19,0.35,0.79,0.19,0.28,0.33,0.41,0.43,0.31,0.31,0.37,0.41,0.42,0.35,0.41,0.24,0.31,0.77
748746,0.41,0.46,0.46,0.27,0.23,0.39,0.27,0.44,0.42,0.89,0.19,0.7,0.27,0.75,0.31,0.25,0.83,0.4,0.46,0.22,0.73,0.32,0.26,0.89,0.56,0.54,0.37,0.28,0.33,0.64,0.73,0.45,0.36,0.45,0.26,0.26,0.47,0.9,0.44,0.23,0.65,0.27,0.56,0.35,0.65,0.16,0.44,0.83,0.8,0.33,0.46,0.42,0.46,0.46,0.42,0.41,0.46,0.83,0.18,0.44,0.67,0.47,0.4,0.26,0.34,0.42,0.21,0.44,0.75,0.4,0.41,0.38,0.59,0.82,0.51,0.71,0.51,0.43,0.57,0.46,0.38,0.62,0.73,0.75,0.67,0.41,0.46,0.44,0.54,0.39,0.59,0.59,0.59,0.41,0.36,0.38,0.38,0.44,0.47,0.9,0.48,0.24,0.75,0.33,0.56,0.46,0.14,0.71,0.34,0.42,0.9,0.9,0.57,0.71,0.63,0.43,0.26,0.38,0.45,0.9,0.59,0.58,0.82,0.44,0.4,0.21,0.61,0.4,0.38,0.42,0.6,0.45,0.43,0.51,0.15,0.36,0.42,0.42,0.9,0.83,0.42,0.65,0.5,0.37,0.16,0.89,0.49,0.24,0.9,0.25,0.25,0.27,0.45,0.51,0.57,0.41,1.0,0.41,0.34,0.33,0.34,0.89,0.27,0.55,0.41,0.49,0.5,0.45,0.33,0.44,0.4,0.77,0.46,0.82,0.63,0.27,0.34,0.54,0.24,0.2,0.5,0.41,0.89,0.56,0.29,0.54,0.76,0.28,0.41,0.46,0.2,0.22,0.41,0.55,0.49,0.44,0.39,0.44,0.44,0.48,0.48,0.88,0.54,0.51,0.45
738634,0.54,0.72,0.72,0.29,0.25,0.29,0.26,0.55,0.46,0.41,0.15,0.41,0.28,0.42,0.24,0.27,0.41,0.43,0.68,0.22,0.4,0.21,0.19,0.41,0.95,0.81,0.37,0.56,0.27,0.36,0.4,0.66,0.35,0.26,0.19,0.19,0.22,0.43,0.4,0.15,0.78,0.21,0.93,0.47,0.78,0.1,0.26,0.4,0.4,0.33,0.63,0.32,0.47,0.39,0.43,0.33,0.63,0.41,0.11,0.26,0.96,0.64,0.28,0.29,0.36,0.29,0.14,0.26,0.39,0.43,0.54,0.44,0.47,0.39,0.18,0.38,0.98,0.34,0.3,0.39,0.3,0.35,0.37,0.49,0.34,0.43,0.72,0.26,0.73,0.37,0.4,0.88,0.42,0.26,0.33,0.3,0.32,0.46,0.22,0.43,0.63,0.27,0.41,0.67,0.95,0.31,0.15,0.38,0.27,0.46,0.43,0.43,0.81,0.38,0.41,0.52,0.29,0.3,0.26,0.43,0.88,0.36,0.39,0.34,0.43,0.14,0.44,0.48,0.31,0.36,0.76,0.26,0.65,0.63,0.14,0.34,0.32,0.55,0.43,0.4,0.44,0.36,0.71,0.46,0.13,0.41,0.27,0.25,0.43,0.27,0.23,0.26,0.66,0.63,0.41,0.33,0.41,1.0,0.25,0.35,0.35,0.52,0.26,0.37,0.82,0.55,0.67,0.48,0.35,0.36,0.63,0.52,0.67,0.54,0.52,0.47,0.25,0.4,0.25,0.25,0.72,0.81,0.52,0.73,0.52,0.4,0.52,0.24,0.81,0.54,0.25,0.22,0.84,0.52,0.72,0.66,0.66,0.64,0.8,0.51,0.61,0.52,0.37,0.35,0.47
750234,0.21,0.24,0.24,0.15,0.19,0.21,0.23,0.24,0.31,0.43,0.21,0.67,0.15,0.3,0.17,0.25,0.65,0.19,0.22,0.2,0.6,0.16,0.3,0.43,0.27,0.27,0.19,0.33,0.29,0.46,0.6,0.23,0.18,0.89,0.3,0.3,0.76,0.42,0.2,0.21,0.31,0.36,0.27,0.2,0.31,0.21,1.0,0.32,0.62,0.22,0.23,0.31,0.2,0.21,0.43,0.2,0.23,0.65,0.23,1.0,0.43,0.21,0.18,0.29,0.16,0.23,0.21,1.0,0.54,0.19,0.24,0.17,0.4,0.32,0.62,0.33,0.25,0.21,0.37,0.21,0.16,0.43,0.55,0.35,0.29,0.21,0.24,1.0,0.25,0.26,0.41,0.41,0.41,0.43,0.21,0.16,0.26,0.17,0.51,0.42,0.25,0.32,0.53,0.37,0.27,0.23,0.15,0.33,0.16,0.31,0.42,0.42,0.43,0.33,0.34,0.21,0.16,0.16,0.89,0.42,0.41,0.42,0.32,0.54,0.19,0.21,0.52,0.2,0.19,0.28,0.27,0.89,0.22,0.34,0.14,0.26,0.31,0.21,0.42,0.32,0.18,0.52,0.36,0.22,0.15,0.43,0.78,0.17,0.42,0.25,0.25,0.23,0.23,0.34,0.24,0.2,0.34,0.25,1.0,0.33,0.33,0.44,0.28,0.56,0.26,0.33,0.26,0.33,0.33,0.9,0.26,0.59,0.44,0.49,0.79,0.31,1.0,0.62,0.28,0.31,0.41,0.31,0.59,0.38,0.28,0.62,0.54,0.41,0.31,0.28,0.31,0.33,0.26,0.33,0.31,0.28,0.26,0.41,0.28,0.31,0.31,0.44,0.51,0.36,0.21
771575,0.27,0.31,0.31,0.2,0.23,0.28,0.2,0.27,0.25,0.33,0.18,0.33,0.19,0.33,0.24,0.21,0.33,0.25,0.29,0.2,0.32,0.18,0.34,0.33,0.38,0.42,0.24,0.28,0.33,0.24,0.32,0.28,0.24,0.34,0.34,0.34,0.33,0.33,0.32,0.24,0.45,0.58,0.38,0.32,0.45,0.17,0.33,0.31,0.33,0.24,0.34,0.31,0.26,0.34,0.36,0.28,0.34,0.33,0.24,0.33,0.39,0.31,0.27,0.24,0.24,0.28,0.26,0.33,0.32,0.25,0.27,0.2,0.44,0.31,0.33,0.33,0.35,0.29,0.49,0.34,0.27,0.23,0.32,0.35,0.29,0.26,0.31,0.33,0.31,0.25,0.32,0.36,0.32,0.47,0.25,0.27,0.26,0.23,0.33,0.33,0.33,0.24,0.29,0.3,0.38,0.3,0.17,0.33,0.25,0.25,0.33,0.33,0.38,0.33,0.3,0.25,0.17,0.27,0.34,0.33,0.36,0.23,0.31,0.31,0.25,0.26,0.29,0.25,0.26,0.27,0.4,0.34,0.29,0.29,0.18,0.25,0.31,0.27,0.33,0.31,0.25,0.3,0.39,0.24,0.15,0.33,0.39,0.23,0.33,0.21,0.34,0.2,0.28,0.29,0.3,0.28,0.33,0.35,0.33,1.0,0.25,0.29,0.16,0.19,0.25,0.27,0.27,0.27,0.24,0.62,0.24,0.28,0.35,0.38,0.28,0.15,0.22,0.17,0.18,0.18,0.31,0.25,0.28,0.35,0.15,0.17,0.29,0.25,0.25,0.29,0.18,0.17,0.25,0.3,0.34,0.27,0.25,0.38,0.25,0.3,0.25,0.29,0.16,0.22,0.27
776166,0.33,0.32,0.32,0.28,0.18,0.38,0.32,0.31,0.34,0.33,0.3,0.48,0.26,0.33,0.35,0.25,0.48,0.32,0.33,0.2,0.43,0.21,0.26,0.33,0.38,0.32,0.31,0.25,0.65,0.37,0.43,0.34,0.4,0.34,0.26,0.26,0.29,0.33,0.33,0.16,0.36,0.48,0.38,0.26,0.36,0.12,0.33,0.31,0.47,0.58,0.27,0.2,0.32,0.36,0.25,0.35,0.27,0.48,0.18,0.33,0.63,0.37,0.4,0.24,0.42,0.44,0.3,0.33,0.44,0.32,0.31,0.29,0.66,0.31,0.28,0.31,0.35,0.37,0.49,0.35,0.48,0.36,0.43,0.34,0.28,0.33,0.32,0.33,0.33,0.47,0.29,0.55,0.29,0.23,0.25,0.48,0.37,0.29,0.29,0.33,0.37,0.29,0.44,0.27,0.38,0.43,0.17,0.31,0.52,0.34,0.33,0.33,0.51,0.31,0.29,0.34,0.2,0.48,0.34,0.33,0.55,0.34,0.31,0.38,0.32,0.3,0.45,0.27,0.35,0.45,0.32,0.34,0.3,0.48,0.21,0.38,0.2,0.33,0.33,0.31,0.31,0.39,0.35,0.29,0.21,0.33,0.34,0.18,0.33,0.25,0.32,0.32,0.34,0.48,0.31,0.35,0.34,0.35,0.33,0.25,1.0,0.34,0.26,0.34,0.27,0.62,0.4,0.34,0.67,0.29,0.26,0.34,0.34,0.38,0.4,0.26,0.29,0.34,0.27,0.3,0.36,0.27,0.34,0.44,0.27,0.34,0.34,0.32,0.27,0.42,0.3,0.29,0.27,0.44,0.44,0.27,0.26,0.33,0.27,0.44,0.3,0.34,0.34,0.37,0.4
748616,0.41,0.46,0.46,0.27,0.19,0.39,0.27,0.5,0.42,0.96,0.18,0.81,0.27,0.89,0.29,0.25,0.94,0.4,0.47,0.22,0.83,0.32,0.26,0.96,0.57,0.56,0.37,0.28,0.33,0.7,0.83,0.45,0.36,0.61,0.26,0.26,0.47,0.99,0.44,0.21,0.67,0.27,0.57,0.35,0.67,0.16,0.44,0.97,0.91,0.33,0.48,0.46,0.46,0.46,0.48,0.41,0.48,0.94,0.18,0.44,0.69,0.47,0.4,0.26,0.34,0.41,0.18,0.44,0.95,0.4,0.44,0.38,0.59,0.94,0.51,0.73,0.52,0.43,0.6,0.46,0.38,0.68,0.92,0.84,0.69,0.41,0.46,0.44,0.52,0.39,0.65,0.59,0.65,0.46,0.35,0.38,0.38,0.44,0.47,0.99,0.48,0.22,0.81,0.33,0.57,0.46,0.12,0.73,0.34,0.42,0.99,0.99,0.59,0.73,0.7,0.42,0.26,0.38,0.61,0.99,0.59,0.63,0.94,0.44,0.4,0.18,0.69,0.39,0.38,0.42,0.56,0.61,0.43,0.51,0.15,0.36,0.46,0.42,0.99,0.97,0.41,0.82,0.53,0.39,0.15,0.96,0.59,0.24,0.99,0.25,0.25,0.27,0.45,0.51,0.57,0.41,0.89,0.52,0.44,0.29,0.34,1.0,0.24,0.64,0.41,0.47,0.48,0.44,0.32,0.42,0.4,0.82,0.45,0.81,0.68,0.26,0.33,0.59,0.25,0.19,0.48,0.39,0.94,0.54,0.26,0.59,0.87,0.27,0.39,0.45,0.19,0.21,0.41,0.53,0.47,0.4,0.39,0.46,0.41,0.46,0.46,0.99,0.56,0.49,0.44
779472,0.22,0.26,0.26,0.2,0.79,0.13,0.27,0.24,0.34,0.26,0.22,0.39,0.19,0.24,0.12,0.67,0.39,0.25,0.23,0.22,0.35,0.16,0.38,0.26,0.28,0.31,0.19,0.36,0.28,0.33,0.35,0.24,0.19,0.29,0.38,0.38,0.27,0.25,0.32,0.23,0.35,0.3,0.28,0.18,0.35,0.15,0.28,0.24,0.38,0.22,0.3,0.21,0.21,0.31,0.27,0.26,0.3,0.39,0.15,0.28,0.45,0.24,0.18,0.52,0.2,0.18,0.33,0.28,0.36,0.25,0.24,0.18,0.39,0.25,0.28,0.21,0.26,0.27,0.28,0.31,0.2,0.32,0.37,0.23,0.19,0.28,0.26,0.28,0.27,0.4,0.21,0.36,0.21,0.19,0.24,0.2,0.27,0.22,0.31,0.25,0.26,0.61,0.37,0.43,0.28,0.18,0.32,0.21,0.14,0.34,0.25,0.25,0.43,0.21,0.3,0.24,0.19,0.2,0.29,0.25,0.36,0.3,0.25,0.34,0.25,0.33,0.37,0.23,0.33,0.28,0.32,0.29,0.19,0.32,0.2,0.3,0.21,0.21,0.25,0.24,0.3,0.33,0.34,0.21,0.24,0.26,0.27,0.14,0.25,0.67,0.61,0.27,0.24,0.32,0.29,0.26,0.27,0.26,0.28,0.16,0.26,0.24,1.0,0.28,0.28,0.24,0.3,0.43,0.26,0.24,0.26,0.24,0.35,0.22,0.26,0.3,0.24,0.24,0.26,0.24,0.35,0.33,0.22,0.28,0.26,0.24,0.24,0.26,0.33,0.35,0.24,0.54,0.28,0.22,0.28,0.33,0.28,0.33,0.28,0.2,0.26,0.22,0.26,0.3,0.35
683005,0.33,0.37,0.37,0.22,0.23,0.23,0.27,0.37,0.49,0.63,0.16,0.83,0.22,0.6,0.18,0.23,0.96,0.28,0.36,0.16,0.85,0.2,0.19,0.63,0.41,0.36,0.28,0.33,0.33,0.84,0.85,0.38,0.25,0.61,0.19,0.19,0.51,0.62,0.27,0.19,0.45,0.27,0.41,0.22,0.45,0.17,0.56,0.63,0.95,0.32,0.27,0.33,0.38,0.29,0.42,0.24,0.27,0.96,0.18,0.56,0.71,0.35,0.25,0.26,0.22,0.28,0.19,0.56,0.93,0.28,0.35,0.33,0.59,0.65,0.33,0.44,0.37,0.26,0.6,0.29,0.24,0.81,0.95,0.53,0.4,0.3,0.37,0.56,0.38,0.44,0.46,0.62,0.46,0.35,0.24,0.24,0.37,0.32,0.36,0.62,0.35,0.27,0.88,0.4,0.41,0.28,0.15,0.44,0.21,0.49,0.62,0.62,0.59,0.44,0.47,0.34,0.22,0.24,0.61,0.62,0.62,0.75,0.65,0.48,0.28,0.19,0.73,0.35,0.23,0.44,0.37,0.61,0.33,0.53,0.14,0.37,0.33,0.34,0.62,0.63,0.3,0.85,0.42,0.33,0.13,0.63,0.56,0.2,0.62,0.23,0.25,0.27,0.38,0.53,0.35,0.24,0.55,0.37,0.56,0.19,0.34,0.64,0.28,1.0,0.27,0.3,0.3,0.29,0.31,0.4,0.26,0.54,0.33,0.49,0.48,0.32,0.39,0.61,0.23,0.18,0.37,0.3,0.6,0.35,0.3,0.61,0.6,0.26,0.3,0.3,0.18,0.24,0.27,0.33,0.35,0.3,0.26,0.31,0.31,0.29,0.36,0.65,0.64,0.54,0.27
740933,0.54,0.72,0.72,0.3,0.25,0.29,0.27,0.63,0.45,0.41,0.15,0.41,0.28,0.42,0.24,0.27,0.41,0.44,0.71,0.22,0.38,0.21,0.19,0.41,0.93,0.8,0.37,0.56,0.27,0.36,0.38,0.66,0.35,0.26,0.19,0.19,0.22,0.43,0.4,0.15,0.82,0.21,0.95,0.46,0.82,0.1,0.26,0.4,0.42,0.33,0.66,0.32,0.47,0.39,0.44,0.35,0.66,0.41,0.12,0.26,0.96,0.6,0.28,0.29,0.36,0.3,0.16,0.26,0.39,0.44,0.56,0.45,0.47,0.39,0.18,0.36,0.84,0.34,0.3,0.39,0.3,0.35,0.37,0.49,0.34,0.43,0.72,0.26,0.73,0.37,0.4,0.8,0.4,0.26,0.31,0.3,0.32,0.46,0.22,0.43,0.65,0.27,0.41,0.67,0.93,0.32,0.15,0.36,0.28,0.45,0.43,0.43,0.84,0.36,0.41,0.51,0.29,0.3,0.26,0.43,0.8,0.34,0.39,0.34,0.44,0.16,0.44,0.48,0.31,0.36,0.85,0.26,0.64,0.66,0.14,0.34,0.32,0.57,0.43,0.4,0.44,0.35,0.73,0.47,0.13,0.41,0.27,0.26,0.43,0.27,0.23,0.27,0.66,0.66,0.41,0.35,0.41,0.82,0.26,0.25,0.27,0.41,0.28,0.27,1.0,0.57,0.7,0.48,0.35,0.35,0.65,0.52,0.72,0.52,0.52,0.45,0.25,0.39,0.26,0.26,0.72,0.81,0.52,0.72,0.53,0.39,0.52,0.24,0.81,0.54,0.26,0.24,0.87,0.52,0.72,0.66,0.72,0.66,0.78,0.53,0.61,0.52,0.37,0.35,0.47
776498,0.43,0.5,0.5,0.34,0.19,0.42,0.35,0.42,0.38,0.49,0.28,0.48,0.32,0.47,0.35,0.25,0.48,0.39,0.49,0.36,0.43,0.33,0.21,0.49,0.63,0.58,0.42,0.28,0.43,0.4,0.43,0.48,0.44,0.34,0.21,0.21,0.29,0.49,0.44,0.37,0.69,0.24,0.63,0.43,0.69,0.14,0.33,0.45,0.45,0.58,0.46,0.38,0.45,0.44,0.39,0.36,0.46,0.48,0.22,0.33,0.69,0.46,0.55,0.29,0.39,0.44,0.19,0.33,0.42,0.39,0.42,0.38,0.53,0.44,0.28,0.43,0.55,0.37,0.34,0.41,0.58,0.39,0.42,0.49,0.4,0.36,0.5,0.33,0.53,0.37,0.36,0.62,0.36,0.3,0.37,0.58,0.39,0.42,0.27,0.49,0.51,0.29,0.42,0.33,0.63,0.47,0.33,0.43,0.69,0.38,0.49,0.49,0.59,0.43,0.42,0.42,0.28,0.58,0.34,0.49,0.62,0.37,0.44,0.38,0.39,0.19,0.4,0.41,0.36,0.45,0.58,0.34,0.46,0.53,0.24,0.4,0.38,0.45,0.49,0.45,0.38,0.38,0.53,0.38,0.38,0.49,0.29,0.3,0.49,0.25,0.2,0.35,0.48,0.53,0.46,0.36,0.49,0.55,0.33,0.27,0.62,0.47,0.24,0.3,0.57,1.0,0.36,0.33,0.29,0.27,0.3,0.36,0.33,0.38,0.41,0.23,0.19,0.24,0.3,0.36,0.41,0.33,0.36,0.43,0.23,0.24,0.35,0.23,0.33,0.35,0.36,0.17,0.35,0.45,0.45,0.32,0.32,0.33,0.32,0.41,0.35,0.35,0.23,0.23,0.32
779543,0.52,0.61,0.61,0.36,0.25,0.39,0.31,0.56,0.38,0.5,0.24,0.46,0.36,0.49,0.33,0.33,0.46,0.81,0.57,0.31,0.4,0.27,0.34,0.5,0.74,0.59,0.45,0.31,0.4,0.37,0.4,0.58,0.49,0.26,0.34,0.34,0.29,0.51,0.75,0.19,0.67,0.27,0.74,0.39,0.67,0.15,0.26,0.47,0.45,0.37,0.52,0.35,0.57,0.66,0.35,0.63,0.52,0.46,0.14,0.26,0.71,0.63,0.42,0.29,0.47,0.45,0.4,0.26,0.42,0.81,0.47,0.44,0.74,0.47,0.23,0.41,0.67,0.69,0.39,0.66,0.45,0.36,0.42,0.57,0.45,0.63,0.61,0.26,0.63,0.53,0.43,0.66,0.43,0.27,0.39,0.45,0.4,0.58,0.33,0.51,0.64,0.39,0.42,0.37,0.74,0.47,0.24,0.41,0.4,0.38,0.51,0.51,0.62,0.41,0.48,0.53,0.35,0.45,0.26,0.51,0.66,0.33,0.47,0.41,0.81,0.4,0.45,0.45,0.62,0.41,0.58,0.26,0.56,0.61,0.15,0.44,0.35,0.54,0.51,0.47,0.7,0.36,0.64,0.41,0.16,0.5,0.29,0.32,0.51,0.33,0.36,0.31,0.58,0.61,0.51,0.63,0.5,0.67,0.26,0.27,0.4,0.48,0.3,0.3,0.7,0.36,1.0,0.45,0.35,0.26,0.35,0.41,0.48,0.42,0.49,0.25,0.19,0.3,0.22,0.22,0.56,0.46,0.41,0.57,0.27,0.3,0.41,0.24,0.46,0.63,0.22,0.28,0.45,0.43,0.57,0.35,0.34,0.46,0.49,0.4,0.47,0.41,0.29,0.33,0.54
779512,0.41,0.44,0.44,0.29,0.37,0.36,0.26,0.47,0.35,0.45,0.25,0.44,0.3,0.45,0.34,0.65,0.44,0.54,0.44,0.24,0.4,0.26,0.57,0.45,0.53,0.51,0.33,0.28,0.33,0.36,0.4,0.44,0.34,0.34,0.57,0.57,0.36,0.46,0.51,0.16,0.58,0.36,0.53,0.35,0.58,0.17,0.33,0.43,0.44,0.32,0.51,0.36,0.43,0.53,0.35,0.46,0.51,0.44,0.19,0.33,0.65,0.51,0.31,0.4,0.33,0.34,0.58,0.33,0.41,0.54,0.39,0.38,0.61,0.42,0.31,0.43,0.48,0.49,0.42,0.53,0.33,0.35,0.4,0.49,0.49,0.57,0.44,0.33,0.48,0.42,0.38,0.59,0.38,0.28,0.37,0.33,0.42,0.48,0.38,0.46,0.49,0.56,0.41,0.3,0.53,0.36,0.15,0.43,0.3,0.35,0.46,0.46,0.51,0.43,0.42,0.42,0.3,0.33,0.34,0.46,0.59,0.33,0.42,0.33,0.54,0.58,0.37,0.37,0.41,0.39,0.52,0.34,0.41,0.54,0.15,0.41,0.36,0.41,0.46,0.43,0.54,0.36,0.47,0.36,0.19,0.45,0.32,0.24,0.46,0.65,0.48,0.26,0.44,0.54,0.44,0.46,0.45,0.48,0.33,0.27,0.34,0.44,0.43,0.29,0.48,0.33,0.45,1.0,0.31,0.26,0.39,0.4,0.38,0.43,0.43,0.22,0.2,0.27,0.19,0.2,0.49,0.34,0.4,0.47,0.23,0.27,0.4,0.19,0.34,0.51,0.2,0.32,0.34,0.38,0.48,0.32,0.32,0.37,0.47,0.34,0.39,0.4,0.27,0.3,0.45
776133,0.33,0.33,0.33,0.26,0.21,0.37,0.35,0.29,0.37,0.33,0.18,0.48,0.24,0.33,0.3,0.27,0.48,0.34,0.34,0.25,0.45,0.2,0.28,0.33,0.38,0.32,0.32,0.25,1.0,0.37,0.45,0.35,0.34,0.34,0.28,0.28,0.29,0.33,0.38,0.16,0.36,0.48,0.38,0.27,0.36,0.12,0.33,0.31,0.47,0.55,0.27,0.23,0.33,0.41,0.25,0.37,0.27,0.48,0.15,0.33,0.63,0.36,0.36,0.24,0.35,0.32,0.25,0.33,0.44,0.34,0.31,0.31,0.66,0.31,0.28,0.31,0.35,0.38,0.49,0.4,0.4,0.36,0.43,0.34,0.27,0.33,0.33,0.33,0.33,0.49,0.29,0.55,0.29,0.23,0.24,0.4,0.42,0.29,0.29,0.33,0.37,0.32,0.44,0.27,0.38,0.33,0.15,0.31,0.39,0.37,0.33,0.33,0.51,0.31,0.29,0.34,0.22,0.4,0.34,0.33,0.55,0.36,0.31,0.38,0.34,0.25,0.45,0.28,0.36,0.5,0.32,0.34,0.31,0.48,0.13,0.42,0.23,0.33,0.33,0.31,0.34,0.41,0.34,0.3,0.16,0.33,0.34,0.17,0.33,0.27,0.32,0.35,0.35,0.48,0.31,0.37,0.33,0.35,0.33,0.24,0.67,0.32,0.26,0.31,0.35,0.29,0.35,0.31,1.0,0.29,0.25,0.33,0.32,0.37,0.37,0.25,0.29,0.35,0.25,0.29,0.37,0.27,0.33,0.44,0.27,0.35,0.33,0.31,0.27,0.43,0.29,0.32,0.27,0.43,0.36,0.27,0.25,0.31,0.27,0.43,0.28,0.33,0.33,0.36,0.4
748653,0.28,0.32,0.32,0.2,0.21,0.3,0.24,0.29,0.31,0.44,0.21,0.69,0.2,0.39,0.25,0.25,0.67,0.26,0.29,0.2,0.62,0.2,0.36,0.44,0.38,0.42,0.26,0.36,0.29,0.48,0.62,0.29,0.25,0.92,0.36,0.36,0.87,0.44,0.35,0.23,0.45,0.42,0.38,0.32,0.45,0.22,0.9,0.41,0.64,0.24,0.35,0.46,0.26,0.36,0.44,0.31,0.35,0.67,0.23,0.9,0.43,0.32,0.26,0.29,0.25,0.31,0.21,0.9,0.56,0.26,0.3,0.2,0.4,0.41,0.74,0.46,0.36,0.32,0.49,0.36,0.25,0.45,0.57,0.4,0.44,0.31,0.32,0.9,0.31,0.26,0.57,0.43,0.57,0.81,0.27,0.25,0.28,0.23,0.62,0.44,0.34,0.32,0.54,0.37,0.38,0.32,0.17,0.46,0.25,0.31,0.44,0.44,0.43,0.46,0.34,0.26,0.18,0.25,0.92,0.44,0.43,0.44,0.41,0.62,0.26,0.21,0.52,0.25,0.29,0.29,0.4,0.92,0.29,0.34,0.17,0.27,0.46,0.27,0.44,0.41,0.27,0.53,0.46,0.25,0.15,0.44,0.9,0.23,0.44,0.25,0.25,0.24,0.29,0.34,0.36,0.31,0.44,0.36,0.9,0.62,0.29,0.42,0.24,0.4,0.35,0.27,0.26,0.26,0.29,1.0,0.3,0.49,0.47,0.56,0.56,0.21,0.51,0.36,0.23,0.24,0.39,0.32,0.51,0.39,0.2,0.36,0.47,0.31,0.32,0.33,0.24,0.24,0.3,0.4,0.35,0.33,0.3,0.46,0.31,0.38,0.32,0.48,0.31,0.29,0.3
736623,0.4,0.53,0.53,0.29,0.23,0.28,0.27,0.45,0.45,0.4,0.18,0.39,0.28,0.41,0.27,0.23,0.39,0.34,0.52,0.22,0.35,0.21,0.17,0.4,0.69,0.76,0.3,0.56,0.25,0.34,0.35,0.51,0.29,0.26,0.17,0.17,0.22,0.42,0.46,0.19,0.71,0.21,0.72,0.47,0.71,0.12,0.26,0.39,0.38,0.3,1.0,0.35,0.47,0.45,0.42,0.38,1.0,0.39,0.11,0.26,0.92,0.48,0.27,0.24,0.32,0.28,0.16,0.26,0.37,0.34,0.44,0.39,0.47,0.38,0.18,0.33,0.65,0.39,0.28,0.45,0.3,0.33,0.35,0.48,0.33,0.39,0.53,0.26,0.6,0.4,0.3,0.75,0.3,0.26,0.35,0.3,0.39,0.38,0.22,0.42,0.46,0.22,0.39,0.67,0.69,0.3,0.15,0.33,0.26,0.45,0.42,0.42,0.78,0.33,0.48,0.39,0.26,0.3,0.26,0.42,0.75,0.32,0.38,0.33,0.34,0.16,0.42,0.39,0.36,0.39,0.69,0.26,0.48,0.63,0.14,0.41,0.35,0.41,0.42,0.39,0.39,0.32,0.55,0.38,0.15,0.4,0.27,0.23,0.42,0.23,0.2,0.27,0.51,0.63,0.4,0.38,0.4,0.63,0.26,0.24,0.26,0.4,0.26,0.26,0.65,0.3,0.35,0.39,0.25,0.3,1.0,0.48,0.62,0.44,0.49,0.37,0.23,0.3,0.25,0.25,0.59,0.61,0.48,0.61,0.45,0.3,0.48,0.23,0.61,0.59,0.25,0.24,0.66,0.44,0.61,0.63,0.66,0.44,0.68,0.42,0.61,0.48,0.3,0.3,0.51
681809,0.41,0.46,0.46,0.27,0.21,0.39,0.27,0.45,0.42,0.85,0.18,0.83,0.27,0.9,0.29,0.25,0.87,0.4,0.47,0.22,0.77,0.31,0.21,0.85,0.57,0.56,0.37,0.28,0.33,0.63,0.77,0.45,0.36,0.63,0.21,0.21,0.53,0.88,0.44,0.21,0.67,0.27,0.57,0.35,0.67,0.16,0.59,0.79,0.84,0.33,0.48,0.41,0.46,0.46,0.49,0.41,0.48,0.87,0.18,0.59,0.69,0.47,0.4,0.26,0.34,0.41,0.19,0.59,0.78,0.4,0.44,0.38,0.6,0.77,0.33,0.62,0.52,0.43,0.54,0.46,0.38,0.61,0.75,0.94,0.59,0.41,0.46,0.59,0.52,0.39,0.57,0.59,0.57,0.4,0.35,0.38,0.38,0.44,0.36,0.88,0.48,0.22,0.73,0.33,0.57,0.46,0.12,0.62,0.34,0.42,0.88,0.88,0.59,0.62,0.69,0.42,0.26,0.38,0.63,0.88,0.59,0.56,0.77,0.41,0.4,0.19,0.65,0.39,0.38,0.42,0.56,0.63,0.43,0.51,0.15,0.36,0.41,0.42,0.88,0.79,0.41,0.67,0.54,0.39,0.15,0.85,0.61,0.24,0.88,0.25,0.27,0.27,0.45,0.51,0.59,0.41,0.77,0.52,0.59,0.28,0.34,0.82,0.24,0.54,0.52,0.36,0.41,0.4,0.33,0.49,0.48,1.0,0.48,0.75,0.77,0.29,0.42,0.6,0.27,0.21,0.52,0.43,0.92,0.58,0.29,0.6,0.97,0.3,0.43,0.49,0.21,0.23,0.45,0.58,0.52,0.44,0.43,0.52,0.45,0.51,0.51,0.9,0.56,0.48,0.48
738494,0.74,0.79,0.79,0.39,0.3,0.34,0.28,0.74,0.46,0.46,0.24,0.54,0.38,0.45,0.33,0.31,0.54,0.5,0.74,0.22,0.5,0.26,0.3,0.46,0.74,0.58,0.38,0.56,0.32,0.4,0.5,0.8,0.39,0.45,0.3,0.3,0.4,0.47,0.46,0.27,0.65,0.36,0.77,0.4,0.65,0.18,0.44,0.44,0.51,0.33,0.62,0.33,0.48,0.49,0.4,0.45,0.62,0.54,0.18,0.44,0.92,0.6,0.31,0.21,0.38,0.32,0.32,0.44,0.39,0.5,0.8,0.48,0.59,0.43,0.38,0.43,0.7,0.48,0.46,0.49,0.3,0.41,0.38,0.49,0.43,0.56,0.79,0.44,0.63,0.42,0.51,0.91,0.51,0.37,0.38,0.3,0.41,0.49,0.38,0.47,0.61,0.22,0.42,0.67,0.74,0.34,0.21,0.43,0.3,0.46,0.47,0.47,0.76,0.43,0.5,0.62,0.38,0.3,0.45,0.47,0.91,0.4,0.43,0.36,0.5,0.32,0.45,0.44,0.42,0.41,0.61,0.45,0.75,0.86,0.17,0.4,0.33,0.77,0.47,0.44,0.47,0.36,0.88,0.64,0.16,0.46,0.49,0.27,0.47,0.31,0.32,0.28,0.8,0.86,0.43,0.45,0.46,0.67,0.44,0.35,0.34,0.45,0.35,0.33,0.72,0.33,0.48,0.38,0.32,0.47,0.62,0.48,1.0,0.38,0.38,0.31,0.25,0.33,0.22,0.22,0.62,0.61,0.36,0.56,0.35,0.33,0.36,0.22,0.61,0.38,0.22,0.22,0.5,0.37,0.51,0.41,0.41,0.7,0.49,0.43,0.4,0.37,0.3,0.32,0.35
746674,0.45,0.49,0.49,0.28,0.18,0.41,0.28,0.49,0.4,0.83,0.16,0.65,0.27,0.7,0.32,0.21,0.76,0.42,0.47,0.24,0.78,0.34,0.28,0.83,0.57,0.58,0.37,0.33,0.37,0.61,0.78,0.48,0.36,0.47,0.28,0.28,0.49,0.84,0.44,0.19,0.64,0.33,0.57,0.5,0.64,0.14,0.49,0.78,0.73,0.36,0.44,0.42,0.45,0.46,0.4,0.42,0.44,0.76,0.18,0.49,0.65,0.52,0.4,0.24,0.33,0.41,0.21,0.49,0.69,0.42,0.44,0.38,0.61,0.77,0.56,1.0,0.54,0.44,0.69,0.46,0.38,0.59,0.68,0.7,0.75,0.42,0.49,0.49,0.52,0.39,0.71,0.62,0.74,0.48,0.37,0.38,0.39,0.44,0.49,0.84,0.52,0.24,0.68,0.37,0.57,0.45,0.14,1.0,0.35,0.4,0.84,0.84,0.54,1.0,0.61,0.44,0.27,0.38,0.47,0.84,0.62,0.64,0.77,0.46,0.42,0.21,0.6,0.39,0.39,0.41,0.56,0.47,0.44,0.53,0.14,0.37,0.42,0.44,0.84,0.78,0.41,0.71,0.54,0.39,0.13,0.83,0.51,0.24,0.84,0.21,0.25,0.28,0.48,0.53,0.53,0.42,0.82,0.54,0.49,0.38,0.38,0.81,0.22,0.49,0.52,0.38,0.42,0.43,0.37,0.56,0.44,0.75,0.38,1.0,0.53,0.24,0.33,0.5,0.22,0.19,0.44,0.38,0.72,0.51,0.23,0.5,0.62,0.24,0.38,0.44,0.19,0.19,0.36,0.48,0.46,0.39,0.34,0.44,0.38,0.41,0.4,0.72,0.41,0.45,0.37
757411,0.5,0.57,0.57,0.34,0.23,0.43,0.27,0.45,0.43,0.73,0.25,0.78,0.33,0.69,0.32,0.25,0.78,0.49,0.54,0.27,0.7,0.31,0.21,0.73,0.57,0.58,0.46,0.31,0.37,0.55,0.7,0.55,0.43,0.79,0.21,0.21,0.78,0.73,0.44,0.27,0.64,0.3,0.57,0.44,0.64,0.25,0.79,0.66,0.75,0.38,0.49,0.46,0.61,0.46,0.6,0.42,0.49,0.78,0.23,0.79,0.69,0.59,0.43,0.31,0.35,0.48,0.25,0.79,0.66,0.49,0.51,0.46,0.59,0.66,0.49,0.53,0.52,0.44,0.48,0.46,0.38,0.54,0.67,0.7,0.5,0.42,0.57,0.79,0.53,0.39,0.53,0.62,0.53,0.48,0.43,0.38,0.4,0.55,0.49,0.73,0.58,0.32,0.64,0.37,0.57,0.5,0.24,0.53,0.37,0.43,0.73,0.73,0.59,0.53,0.64,0.53,0.31,0.38,0.79,0.73,0.62,0.51,0.66,0.48,0.49,0.25,0.61,0.49,0.39,0.44,0.56,0.79,0.54,0.52,0.17,0.38,0.46,0.51,0.73,0.66,0.44,0.61,0.55,0.44,0.19,0.73,0.66,0.3,0.73,0.25,0.23,0.27,0.55,0.52,0.57,0.42,0.63,0.52,0.79,0.28,0.4,0.68,0.26,0.48,0.52,0.41,0.49,0.43,0.37,0.56,0.49,0.77,0.38,0.53,1.0,0.17,0.23,0.27,0.14,0.13,0.33,0.28,0.36,0.36,0.17,0.27,0.35,0.16,0.28,0.25,0.13,0.13,0.23,0.3,0.27,0.24,0.22,0.25,0.29,0.27,0.35,0.35,0.25,0.24,0.23
738238,0.33,0.41,0.41,0.2,0.25,0.17,0.28,0.3,0.4,0.28,0.19,0.43,0.19,0.27,0.14,0.25,0.43,0.25,0.4,0.2,0.42,0.15,0.17,0.28,0.49,0.49,0.21,0.42,0.25,0.4,0.42,0.41,0.21,0.32,0.17,0.17,0.27,0.27,0.25,0.18,0.45,0.21,0.49,0.29,0.45,0.12,0.31,0.25,0.42,0.3,0.37,0.25,0.33,0.24,0.26,0.19,0.37,0.43,0.14,0.31,0.78,0.34,0.19,0.26,0.2,0.21,0.14,0.31,0.37,0.25,0.35,0.32,0.44,0.26,0.28,0.24,0.47,0.2,0.28,0.24,0.21,0.41,0.38,0.3,0.21,0.27,0.41,0.31,0.42,0.37,0.24,0.73,0.24,0.18,0.21,0.21,0.34,0.28,0.38,0.27,0.34,0.27,0.47,0.5,0.49,0.2,0.19,0.24,0.16,0.4,0.27,0.27,0.65,0.24,0.31,0.33,0.19,0.21,0.32,0.27,0.73,0.4,0.26,0.33,0.25,0.14,0.44,0.31,0.18,0.36,0.45,0.32,0.36,0.59,0.15,0.34,0.25,0.33,0.27,0.25,0.25,0.38,0.41,0.31,0.14,0.28,0.29,0.17,0.27,0.25,0.16,0.28,0.41,0.59,0.27,0.19,0.27,0.47,0.31,0.15,0.26,0.26,0.3,0.32,0.45,0.23,0.25,0.22,0.25,0.21,0.37,0.29,0.31,0.24,0.17,1.0,0.39,0.54,0.41,0.37,0.57,0.63,0.48,0.54,0.61,0.54,0.48,0.35,0.63,0.57,0.37,0.37,0.59,0.48,0.61,0.63,0.63,0.59,0.63,0.46,0.59,0.48,0.63,0.61,0.43
750729,0.21,0.24,0.24,0.15,0.19,0.21,0.23,0.24,0.31,0.43,0.21,0.67,0.15,0.3,0.17,0.25,0.65,0.19,0.22,0.2,0.6,0.16,0.3,0.43,0.27,0.27,0.19,0.33,0.29,0.46,0.6,0.23,0.18,0.89,0.3,0.3,0.76,0.42,0.2,0.21,0.31,0.36,0.27,0.2,0.31,0.21,1.0,0.32,0.62,0.22,0.23,0.31,0.2,0.21,0.43,0.2,0.23,0.65,0.23,1.0,0.43,0.21,0.18,0.29,0.16,0.23,0.21,1.0,0.54,0.19,0.24,0.17,0.4,0.32,0.62,0.33,0.25,0.21,0.37,0.21,0.16,0.43,0.55,0.35,0.29,0.21,0.24,1.0,0.25,0.26,0.41,0.41,0.41,0.43,0.21,0.16,0.26,0.17,0.51,0.42,0.25,0.32,0.53,0.37,0.27,0.23,0.15,0.33,0.16,0.31,0.42,0.42,0.43,0.33,0.34,0.21,0.16,0.16,0.89,0.42,0.41,0.42,0.32,0.54,0.19,0.21,0.52,0.2,0.19,0.28,0.27,0.89,0.22,0.34,0.14,0.26,0.31,0.21,0.42,0.32,0.18,0.52,0.36,0.22,0.15,0.43,0.78,0.17,0.42,0.25,0.25,0.23,0.23,0.34,0.24,0.2,0.34,0.25,1.0,0.22,0.29,0.33,0.24,0.39,0.25,0.19,0.19,0.2,0.29,0.51,0.23,0.42,0.25,0.33,0.23,0.39,1.0,0.62,0.28,0.31,0.41,0.31,0.59,0.38,0.28,0.62,0.54,0.41,0.31,0.28,0.31,0.33,0.26,0.33,0.31,0.28,0.26,0.41,0.28,0.31,0.31,0.44,0.51,0.36,0.21
750738,0.36,0.4,0.4,0.22,0.19,0.24,0.28,0.34,0.43,0.65,0.19,0.87,0.21,0.53,0.18,0.23,0.98,0.29,0.39,0.15,1.0,0.2,0.19,0.65,0.43,0.39,0.28,0.31,0.35,0.7,1.0,0.4,0.26,0.66,0.19,0.19,0.56,0.63,0.27,0.21,0.44,0.27,0.43,0.32,0.44,0.17,0.62,0.56,0.95,0.34,0.3,0.3,0.35,0.29,0.35,0.26,0.3,0.98,0.18,0.62,0.69,0.37,0.26,0.24,0.24,0.28,0.18,0.62,0.83,0.29,0.37,0.33,0.6,0.58,0.36,0.5,0.4,0.27,0.6,0.29,0.24,0.68,0.85,0.53,0.4,0.3,0.4,0.62,0.4,0.39,0.5,0.66,0.51,0.31,0.25,0.24,0.39,0.32,0.31,0.63,0.37,0.24,0.81,0.37,0.43,0.29,0.14,0.5,0.22,0.43,0.63,0.63,0.59,0.5,0.48,0.36,0.22,0.24,0.66,0.63,0.66,0.71,0.58,0.44,0.29,0.18,0.74,0.31,0.24,0.42,0.39,0.66,0.35,0.55,0.14,0.38,0.3,0.36,0.63,0.56,0.3,0.88,0.43,0.34,0.16,0.65,0.61,0.18,0.63,0.23,0.23,0.28,0.4,0.55,0.34,0.26,0.54,0.4,0.62,0.17,0.34,0.59,0.24,0.61,0.39,0.24,0.3,0.27,0.35,0.36,0.3,0.6,0.33,0.5,0.27,0.54,0.62,1.0,0.33,0.25,0.45,0.45,0.85,0.47,0.4,1.0,0.73,0.38,0.45,0.38,0.25,0.32,0.38,0.48,0.48,0.42,0.37,0.47,0.43,0.4,0.43,0.82,0.82,0.7,0.37
776341,0.23,0.25,0.25,0.21,0.21,0.23,0.26,0.22,0.34,0.26,0.36,0.35,0.17,0.25,0.21,0.27,0.35,0.22,0.24,0.6,0.33,0.15,0.21,0.26,0.27,0.27,0.21,0.33,0.25,0.28,0.33,0.23,0.23,0.29,0.21,0.21,0.24,0.26,0.25,0.27,0.31,0.24,0.27,0.22,0.31,0.13,0.28,0.24,0.35,0.38,0.25,0.19,0.23,0.24,0.25,0.19,0.25,0.35,0.2,0.28,0.45,0.23,0.29,0.33,0.24,0.24,0.16,0.28,0.32,0.22,0.23,0.18,0.37,0.24,0.23,0.22,0.25,0.2,0.24,0.24,0.33,0.28,0.32,0.3,0.2,0.24,0.25,0.28,0.24,0.28,0.22,0.41,0.22,0.2,0.24,0.33,0.26,0.22,0.22,0.26,0.26,0.37,0.32,0.4,0.27,0.24,0.31,0.22,0.28,0.34,0.26,0.26,0.46,0.22,0.24,0.2,0.16,0.33,0.29,0.26,0.41,0.27,0.24,0.26,0.22,0.16,0.32,0.18,0.18,0.27,0.27,0.29,0.22,0.36,0.25,0.29,0.19,0.23,0.26,0.24,0.21,0.3,0.3,0.2,0.24,0.26,0.27,0.21,0.26,0.27,0.2,0.26,0.23,0.36,0.26,0.19,0.24,0.25,0.28,0.18,0.27,0.25,0.26,0.23,0.26,0.3,0.22,0.19,0.25,0.23,0.25,0.27,0.22,0.22,0.14,0.41,0.28,0.33,1.0,0.57,0.34,0.23,0.21,0.34,0.25,0.21,0.21,0.38,0.23,0.21,0.57,0.28,0.21,0.38,0.25,0.23,0.21,0.23,0.23,0.43,0.25,0.21,0.21,0.19,0.17
776264,0.21,0.22,0.22,0.23,0.19,0.22,0.29,0.22,0.29,0.2,0.33,0.26,0.21,0.19,0.24,0.27,0.26,0.22,0.22,0.6,0.25,0.13,0.23,0.2,0.27,0.27,0.24,0.33,0.29,0.22,0.25,0.22,0.24,0.32,0.23,0.23,0.29,0.2,0.25,0.31,0.29,0.24,0.27,0.19,0.29,0.19,0.31,0.18,0.27,0.41,0.25,0.17,0.19,0.24,0.23,0.19,0.25,0.26,0.23,0.31,0.45,0.23,0.35,0.36,0.24,0.22,0.23,0.31,0.24,0.22,0.22,0.18,0.34,0.18,0.28,0.19,0.25,0.2,0.22,0.24,0.42,0.22,0.23,0.25,0.19,0.24,0.22,0.31,0.23,0.25,0.2,0.39,0.2,0.21,0.22,0.42,0.31,0.21,0.29,0.2,0.26,0.41,0.24,0.4,0.27,0.27,0.51,0.19,0.35,0.29,0.2,0.2,0.46,0.19,0.21,0.21,0.17,0.42,0.32,0.2,0.39,0.22,0.18,0.26,0.22,0.23,0.26,0.18,0.18,0.3,0.26,0.32,0.2,0.34,0.24,0.34,0.17,0.21,0.2,0.18,0.21,0.23,0.28,0.19,0.32,0.2,0.24,0.24,0.2,0.27,0.18,0.29,0.22,0.34,0.23,0.19,0.2,0.25,0.31,0.18,0.3,0.19,0.24,0.18,0.26,0.36,0.22,0.2,0.29,0.24,0.25,0.21,0.22,0.19,0.13,0.37,0.31,0.25,0.57,1.0,0.29,0.21,0.19,0.31,0.23,0.15,0.19,0.37,0.21,0.29,1.0,0.33,0.21,0.31,0.37,0.21,0.21,0.21,0.21,0.31,0.23,0.19,0.15,0.25,0.23
776147,0.6,0.73,0.73,0.64,0.28,0.38,0.35,0.6,0.46,0.5,0.3,0.48,0.61,0.46,0.34,0.33,0.5,0.54,0.67,0.35,0.45,0.27,0.32,0.5,0.79,0.64,0.49,0.39,0.37,0.43,0.45,0.66,0.51,0.39,0.32,0.32,0.4,0.51,0.54,0.31,0.67,0.36,0.79,0.42,0.67,0.19,0.41,0.45,0.53,0.43,0.59,0.41,0.63,0.51,0.42,0.45,0.59,0.5,0.22,0.41,0.78,0.69,0.32,0.4,0.48,0.38,0.26,0.41,0.49,0.54,0.62,0.55,0.63,0.45,0.38,0.44,0.72,0.47,0.42,0.51,0.39,0.42,0.5,0.53,0.44,0.58,0.73,0.41,0.69,0.49,0.47,0.7,0.47,0.34,0.49,0.39,0.56,0.65,0.42,0.51,0.7,0.34,0.47,0.47,0.79,0.39,0.25,0.44,0.31,0.46,0.51,0.51,0.62,0.44,0.48,0.62,1.0,0.39,0.39,0.51,0.7,0.4,0.45,0.43,0.54,0.26,0.5,0.46,0.46,0.53,0.65,0.39,0.67,0.64,0.34,0.59,0.41,0.61,0.51,0.45,0.55,0.45,0.65,0.53,0.26,0.5,0.46,0.34,0.51,0.33,0.32,0.35,0.66,0.64,0.52,0.45,0.5,0.72,0.41,0.31,0.36,0.48,0.35,0.37,0.72,0.41,0.56,0.49,0.37,0.39,0.59,0.52,0.62,0.44,0.33,0.57,0.41,0.45,0.34,0.29,1.0,0.32,0.26,0.49,0.19,0.22,0.26,0.17,0.32,0.3,0.17,0.16,0.29,0.27,0.5,0.24,0.23,0.29,0.34,0.27,0.33,0.27,0.22,0.23,0.27
741237,0.72,1.0,1.0,0.31,0.26,0.29,0.27,0.53,0.46,0.44,0.15,0.46,0.29,0.42,0.24,0.29,0.46,0.44,0.81,0.2,0.45,0.22,0.23,0.44,0.86,0.78,0.38,0.61,0.27,0.36,0.45,0.88,0.36,0.32,0.23,0.23,0.27,0.41,0.4,0.15,0.78,0.21,0.86,0.47,0.78,0.11,0.31,0.4,0.45,0.32,0.61,0.32,0.57,0.39,0.47,0.35,0.61,0.46,0.12,0.31,0.9,0.55,0.29,0.29,0.35,0.3,0.19,0.31,0.39,0.44,0.65,0.44,0.47,0.41,0.21,0.38,0.81,0.34,0.3,0.39,0.32,0.35,0.4,0.48,0.34,0.41,1.0,0.31,0.71,0.37,0.43,0.86,0.43,0.27,0.32,0.32,0.32,0.48,0.24,0.41,0.64,0.34,0.41,0.7,0.86,0.31,0.17,0.38,0.28,0.46,0.41,0.41,0.78,0.38,0.4,0.5,0.32,0.32,0.32,0.41,0.86,0.36,0.41,0.34,0.44,0.19,0.44,0.5,0.31,0.36,0.79,0.32,0.87,0.73,0.14,0.36,0.32,0.7,0.41,0.4,0.43,0.39,0.74,0.53,0.12,0.44,0.29,0.35,0.41,0.29,0.25,0.27,0.88,0.73,0.4,0.35,0.41,0.81,0.31,0.25,0.27,0.39,0.33,0.3,0.81,0.33,0.46,0.34,0.27,0.32,0.61,0.43,0.61,0.38,0.28,0.63,0.31,0.45,0.23,0.21,0.32,1.0,0.46,0.61,0.47,0.4,0.47,0.21,1.0,0.49,0.22,0.23,0.7,0.48,0.67,0.56,0.55,0.77,0.79,0.57,0.65,0.47,0.37,0.33,0.43
746686,0.41,0.46,0.46,0.27,0.19,0.39,0.27,0.45,0.42,0.98,0.18,0.83,0.27,0.83,0.29,0.25,0.96,0.4,0.47,0.22,0.85,0.32,0.26,0.98,0.57,0.56,0.37,0.28,0.33,0.7,0.85,0.45,0.36,0.63,0.26,0.26,0.53,1.0,0.44,0.21,0.67,0.27,0.57,0.35,0.67,0.16,0.59,0.91,0.93,0.33,0.48,0.46,0.46,0.46,0.49,0.41,0.48,0.96,0.18,0.59,0.69,0.47,0.4,0.26,0.34,0.41,0.18,0.59,0.86,0.4,0.44,0.38,0.59,0.89,0.51,0.72,0.52,0.43,0.61,0.46,0.38,0.68,0.83,0.86,0.7,0.41,0.46,0.59,0.52,0.39,0.65,0.59,0.65,0.41,0.35,0.38,0.38,0.44,0.47,1.0,0.48,0.22,0.81,0.33,0.57,0.46,0.12,0.72,0.34,0.42,1.0,1.0,0.59,0.72,0.71,0.42,0.26,0.38,0.63,1.0,0.59,0.63,0.89,0.44,0.4,0.18,0.71,0.39,0.38,0.42,0.56,0.63,0.43,0.51,0.15,0.36,0.46,0.42,1.0,0.91,0.41,0.74,0.54,0.39,0.15,0.98,0.61,0.24,1.0,0.25,0.25,0.27,0.45,0.51,0.57,0.41,0.89,0.52,0.59,0.28,0.34,0.94,0.22,0.6,0.52,0.36,0.41,0.4,0.33,0.51,0.48,0.92,0.36,0.72,0.36,0.48,0.59,0.85,0.21,0.19,0.26,0.46,1.0,0.57,0.27,0.63,0.85,0.28,0.41,0.47,0.2,0.22,0.43,0.56,0.49,0.42,0.41,0.49,0.43,0.48,0.48,0.98,0.59,0.52,0.46
140888,0.65,0.61,0.61,0.47,0.23,0.49,0.34,0.61,0.43,0.55,0.37,0.5,0.45,0.53,0.37,0.27,0.52,0.57,0.68,0.38,0.47,0.36,0.26,0.55,0.79,0.64,0.52,0.42,0.44,0.42,0.47,0.68,0.55,0.29,0.26,0.26,0.38,0.57,0.45,0.19,0.69,0.39,0.79,0.49,0.69,0.2,0.38,0.52,0.55,0.47,0.61,0.43,0.59,0.47,0.45,0.43,0.61,0.52,0.28,0.38,0.73,0.71,0.45,0.26,0.52,0.47,0.23,0.38,0.51,0.57,0.57,0.52,0.66,0.5,0.36,0.51,0.73,0.45,0.45,0.47,0.43,0.41,0.48,0.57,0.46,0.54,0.61,0.38,0.67,0.44,0.51,0.66,0.51,0.33,0.46,0.43,0.45,0.61,0.33,0.57,0.72,0.27,0.49,0.43,0.79,0.5,0.24,0.51,0.41,0.43,0.57,0.57,0.57,0.51,0.47,0.54,0.49,0.43,0.29,0.57,0.66,0.38,0.5,0.44,0.57,0.23,0.55,0.46,0.4,0.5,0.63,0.29,0.59,0.59,0.21,0.47,0.43,0.67,0.57,0.52,0.56,0.44,0.63,0.52,0.12,0.55,0.44,0.35,0.57,0.27,0.3,0.34,0.68,0.59,0.59,0.43,0.56,0.73,0.38,0.35,0.44,0.54,0.28,0.35,0.72,0.43,0.57,0.47,0.44,0.39,0.61,0.58,0.56,0.51,0.36,0.54,0.38,0.47,0.34,0.31,0.49,0.61,0.57,1.0,0.21,0.26,0.32,0.21,0.3,0.29,0.16,0.16,0.31,0.35,0.46,0.25,0.25,0.3,0.32,0.33,0.33,0.32,0.25,0.25,0.28
738466,0.35,0.47,0.47,0.19,0.23,0.18,0.28,0.32,0.46,0.28,0.15,0.43,0.18,0.3,0.15,0.23,0.43,0.26,0.47,0.24,0.4,0.14,0.17,0.28,0.59,0.56,0.23,0.58,0.27,0.39,0.4,0.47,0.22,0.29,0.17,0.17,0.24,0.27,0.26,0.16,0.62,0.21,0.59,0.34,0.62,0.11,0.28,0.29,0.42,0.34,0.45,0.22,0.37,0.25,0.3,0.2,0.45,0.43,0.12,0.28,0.92,0.35,0.19,0.29,0.2,0.21,0.14,0.28,0.42,0.26,0.4,0.33,0.47,0.27,0.21,0.23,0.52,0.21,0.3,0.25,0.21,0.38,0.4,0.34,0.22,0.28,0.47,0.28,0.51,0.37,0.24,0.8,0.24,0.18,0.22,0.21,0.31,0.29,0.24,0.27,0.39,0.27,0.42,0.7,0.59,0.21,0.17,0.23,0.18,0.46,0.27,0.27,0.78,0.23,0.28,0.32,0.19,0.21,0.29,0.27,0.8,0.37,0.27,0.34,0.26,0.14,0.48,0.33,0.2,0.37,0.58,0.29,0.44,0.63,0.14,0.34,0.22,0.38,0.27,0.29,0.26,0.38,0.5,0.35,0.12,0.28,0.29,0.18,0.27,0.23,0.2,0.28,0.47,0.63,0.3,0.2,0.29,0.52,0.28,0.15,0.27,0.26,0.26,0.3,0.53,0.23,0.27,0.23,0.27,0.2,0.45,0.29,0.35,0.23,0.17,0.61,0.28,0.4,0.25,0.23,0.19,0.47,0.27,0.21,1.0,0.6,0.62,0.4,0.85,0.62,0.45,0.4,0.9,0.6,0.68,0.9,0.85,0.85,0.85,0.57,0.78,0.62,0.62,0.57,0.53
748835,0.36,0.4,0.4,0.22,0.19,0.24,0.28,0.34,0.43,0.65,0.19,0.87,0.21,0.53,0.18,0.23,0.98,0.29,0.39,0.15,1.0,0.2,0.19,0.65,0.43,0.39,0.28,0.31,0.35,0.7,1.0,0.4,0.26,0.66,0.19,0.19,0.56,0.63,0.27,0.21,0.44,0.27,0.43,0.32,0.44,0.17,0.62,0.56,0.95,0.34,0.3,0.3,0.35,0.29,0.35,0.26,0.3,0.98,0.18,0.62,0.69,0.37,0.26,0.24,0.24,0.28,0.18,0.62,0.83,0.29,0.37,0.33,0.6,0.58,0.36,0.5,0.4,0.27,0.6,0.29,0.24,0.68,0.85,0.53,0.4,0.3,0.4,0.62,0.4,0.39,0.5,0.66,0.51,0.31,0.25,0.24,0.39,0.32,0.31,0.63,0.37,0.24,0.81,0.37,0.43,0.29,0.14,0.5,0.22,0.43,0.63,0.63,0.59,0.5,0.48,0.36,0.22,0.24,0.66,0.63,0.66,0.71,0.58,0.44,0.29,0.18,0.74,0.31,0.24,0.42,0.39,0.66,0.35,0.55,0.14,0.38,0.3,0.36,0.63,0.56,0.3,0.88,0.43,0.34,0.16,0.65,0.61,0.18,0.63,0.23,0.23,0.28,0.4,0.55,0.34,0.26,0.54,0.4,0.62,0.17,0.34,0.59,0.24,0.61,0.39,0.24,0.3,0.27,0.35,0.36,0.3,0.6,0.33,0.5,0.27,0.54,0.62,1.0,0.21,0.15,0.22,0.4,0.63,0.26,0.6,1.0,0.73,0.38,0.45,0.38,0.25,0.32,0.38,0.48,0.48,0.42,0.37,0.47,0.43,0.4,0.43,0.82,0.82,0.7,0.37
747346,0.41,0.47,0.47,0.27,0.21,0.39,0.27,0.52,0.42,0.83,0.16,0.8,0.26,1.0,0.29,0.25,0.83,0.4,0.47,0.22,0.73,0.3,0.21,0.83,0.57,0.56,0.38,0.31,0.33,0.63,0.73,0.46,0.36,0.5,0.21,0.21,0.49,0.85,0.44,0.19,0.71,0.27,0.57,0.36,0.71,0.15,0.54,0.89,0.82,0.33,0.48,0.41,0.46,0.46,0.48,0.41,0.48,0.83,0.16,0.54,0.69,0.47,0.39,0.26,0.34,0.41,0.19,0.54,0.92,0.4,0.43,0.38,0.6,0.86,0.38,0.62,0.52,0.43,0.52,0.46,0.38,0.61,0.88,0.92,0.58,0.41,0.47,0.54,0.54,0.39,0.57,0.61,0.57,0.47,0.35,0.38,0.37,0.44,0.36,0.85,0.48,0.22,0.73,0.37,0.57,0.45,0.12,0.62,0.34,0.42,0.85,0.85,0.59,0.62,0.68,0.42,0.26,0.38,0.5,0.85,0.61,0.56,0.86,0.41,0.4,0.19,0.63,0.39,0.38,0.42,0.6,0.5,0.44,0.52,0.15,0.36,0.41,0.42,0.85,0.89,0.42,0.79,0.53,0.39,0.14,0.83,0.56,0.24,0.85,0.25,0.27,0.27,0.46,0.52,0.59,0.41,0.76,0.52,0.54,0.29,0.34,0.87,0.24,0.6,0.52,0.35,0.41,0.4,0.33,0.47,0.48,0.97,0.36,0.62,0.35,0.48,0.54,0.73,0.21,0.19,0.26,0.47,0.85,0.32,0.62,0.73,1.0,0.27,0.42,0.46,0.19,0.22,0.42,0.53,0.48,0.45,0.4,0.46,0.45,0.47,0.47,0.93,0.52,0.45,0.45
139727,0.22,0.21,0.21,0.16,0.23,0.3,0.24,0.24,0.28,0.27,0.52,0.41,0.15,0.27,0.26,0.33,0.41,0.22,0.21,0.4,0.38,0.17,0.26,0.27,0.26,0.25,0.26,0.25,0.31,0.3,0.38,0.2,0.26,0.42,0.26,0.26,0.36,0.28,0.24,0.4,0.29,0.36,0.26,0.26,0.29,0.28,0.41,0.25,0.38,0.33,0.23,0.19,0.2,0.25,0.29,0.19,0.23,0.41,0.31,0.41,0.41,0.23,0.21,0.4,0.27,0.32,0.28,0.41,0.37,0.22,0.24,0.18,0.41,0.24,0.36,0.24,0.24,0.26,0.31,0.25,0.23,0.29,0.35,0.27,0.22,0.24,0.21,0.41,0.24,0.26,0.28,0.38,0.28,0.26,0.3,0.23,0.27,0.2,0.36,0.28,0.28,0.29,0.36,0.33,0.26,0.34,0.22,0.24,0.26,0.28,0.28,0.28,0.41,0.24,0.21,0.2,0.17,0.23,0.42,0.28,0.38,0.29,0.24,0.33,0.22,0.28,0.35,0.19,0.23,0.32,0.26,0.42,0.19,0.33,0.15,0.26,0.19,0.21,0.28,0.25,0.21,0.33,0.33,0.22,0.21,0.27,0.44,0.17,0.28,0.33,0.34,0.24,0.2,0.33,0.27,0.19,0.28,0.24,0.41,0.25,0.32,0.27,0.26,0.26,0.24,0.23,0.24,0.19,0.31,0.31,0.23,0.3,0.22,0.24,0.16,0.35,0.41,0.38,0.38,0.37,0.17,0.21,0.28,0.21,0.4,0.38,0.27,1.0,0.15,0.15,0.32,0.19,0.15,0.36,0.37,0.17,0.15,0.25,0.15,0.36,0.17,0.22,0.2,0.24,0.14
740512,0.72,1.0,1.0,0.31,0.26,0.29,0.27,0.53,0.46,0.44,0.15,0.46,0.29,0.42,0.24,0.29,0.46,0.44,0.81,0.2,0.45,0.22,0.23,0.44,0.86,0.78,0.38,0.61,0.27,0.36,0.45,0.88,0.36,0.32,0.23,0.23,0.27,0.41,0.4,0.15,0.78,0.21,0.86,0.47,0.78,0.11,0.31,0.4,0.45,0.32,0.61,0.32,0.57,0.39,0.47,0.35,0.61,0.46,0.12,0.31,0.9,0.55,0.29,0.29,0.35,0.3,0.19,0.31,0.39,0.44,0.65,0.44,0.47,0.41,0.21,0.38,0.81,0.34,0.3,0.39,0.32,0.35,0.4,0.48,0.34,0.41,1.0,0.31,0.71,0.37,0.43,0.86,0.43,0.27,0.32,0.32,0.32,0.48,0.24,0.41,0.64,0.34,0.41,0.7,0.86,0.31,0.17,0.38,0.28,0.46,0.41,0.41,0.78,0.38,0.4,0.5,0.32,0.32,0.32,0.41,0.86,0.36,0.41,0.34,0.44,0.19,0.44,0.5,0.31,0.36,0.79,0.32,0.87,0.73,0.14,0.36,0.32,0.7,0.41,0.4,0.43,0.39,0.74,0.53,0.12,0.44,0.29,0.35,0.41,0.29,0.25,0.27,0.88,0.73,0.4,0.35,0.41,0.81,0.31,0.25,0.27,0.39,0.33,0.3,0.81,0.33,0.46,0.34,0.27,0.32,0.61,0.43,0.61,0.38,0.28,0.63,0.31,0.45,0.23,0.21,0.32,1.0,0.41,0.3,0.85,0.45,0.42,0.15,1.0,0.49,0.22,0.23,0.7,0.48,0.67,0.56,0.55,0.77,0.79,0.57,0.65,0.47,0.37,0.33,0.43
778909,0.42,0.49,0.49,0.32,0.28,0.38,0.33,0.43,0.4,0.46,0.18,0.43,0.3,0.46,0.4,0.4,0.43,0.65,0.47,0.31,0.38,0.26,0.38,0.46,0.59,0.59,0.37,0.39,0.43,0.39,0.38,0.48,0.4,0.29,0.38,0.38,0.31,0.47,0.89,0.18,0.64,0.3,0.59,0.41,0.64,0.16,0.28,0.44,0.42,0.33,0.59,0.4,0.45,0.91,0.39,0.79,0.59,0.43,0.14,0.28,0.73,0.48,0.42,0.33,0.37,0.37,0.3,0.28,0.39,0.65,0.41,0.37,0.67,0.43,0.26,0.44,0.54,0.78,0.42,0.89,0.43,0.38,0.38,0.53,0.46,0.54,0.49,0.28,0.51,0.7,0.38,0.62,0.38,0.29,0.37,0.43,0.39,0.43,0.33,0.47,0.51,0.46,0.46,0.43,0.59,0.39,0.19,0.44,0.41,0.4,0.47,0.47,0.59,0.44,0.46,0.42,0.3,0.43,0.29,0.47,0.62,0.36,0.43,0.43,0.65,0.3,0.45,0.36,0.7,0.41,0.6,0.29,0.42,0.54,0.15,0.43,0.4,0.42,0.47,0.44,0.54,0.35,0.52,0.37,0.16,0.46,0.24,0.26,0.47,0.4,0.39,0.33,0.48,0.54,0.48,0.79,0.46,0.54,0.28,0.29,0.42,0.45,0.35,0.3,0.54,0.35,0.63,0.51,0.43,0.33,0.59,0.49,0.38,0.44,0.25,0.57,0.28,0.38,0.21,0.29,0.3,0.49,0.47,0.29,0.62,0.38,0.46,0.15,0.49,1.0,0.22,0.29,0.36,0.39,0.43,0.36,0.34,0.34,0.42,0.38,0.38,0.37,0.26,0.28,0.72
776489,0.21,0.22,0.22,0.23,0.19,0.22,0.29,0.22,0.29,0.2,0.33,0.26,0.21,0.19,0.24,0.27,0.26,0.22,0.22,0.6,0.25,0.13,0.23,0.2,0.27,0.27,0.24,0.33,0.29,0.22,0.25,0.22,0.24,0.32,0.23,0.23,0.29,0.2,0.25,0.31,0.29,0.24,0.27,0.19,0.29,0.19,0.31,0.18,0.27,0.41,0.25,0.17,0.19,0.24,0.23,0.19,0.25,0.26,0.23,0.31,0.45,0.23,0.35,0.36,0.24,0.22,0.23,0.31,0.24,0.22,0.22,0.18,0.34,0.18,0.28,0.19,0.25,0.2,0.22,0.24,0.42,0.22,0.23,0.25,0.19,0.24,0.22,0.31,0.23,0.25,0.2,0.39,0.2,0.21,0.22,0.42,0.31,0.21,0.29,0.2,0.26,0.41,0.24,0.4,0.27,0.27,0.51,0.19,0.35,0.29,0.2,0.2,0.46,0.19,0.21,0.21,0.17,0.42,0.32,0.2,0.39,0.22,0.18,0.26,0.22,0.23,0.26,0.18,0.18,0.3,0.26,0.32,0.2,0.34,0.24,0.34,0.17,0.21,0.2,0.18,0.21,0.23,0.28,0.19,0.32,0.2,0.24,0.24,0.2,0.27,0.18,0.29,0.22,0.34,0.23,0.19,0.2,0.25,0.31,0.18,0.3,0.19,0.24,0.18,0.26,0.36,0.22,0.2,0.29,0.24,0.25,0.21,0.22,0.19,0.13,0.37,0.31,0.25,0.57,1.0,0.17,0.22,0.2,0.16,0.45,0.25,0.19,0.32,0.22,0.22,1.0,0.33,0.21,0.31,0.37,0.21,0.21,0.21,0.21,0.31,0.23,0.19,0.15,0.25,0.23
778929,0.21,0.23,0.23,0.18,0.44,0.16,0.25,0.2,0.29,0.22,0.24,0.35,0.17,0.22,0.13,0.58,0.35,0.26,0.22,0.29,0.32,0.13,0.49,0.22,0.25,0.27,0.17,0.31,0.32,0.28,0.32,0.22,0.19,0.34,0.49,0.49,0.29,0.22,0.35,0.16,0.31,0.3,0.25,0.18,0.31,0.13,0.33,0.21,0.35,0.28,0.24,0.17,0.19,0.34,0.25,0.28,0.24,0.35,0.19,0.33,0.41,0.22,0.19,0.74,0.23,0.15,0.35,0.33,0.32,0.26,0.22,0.18,0.39,0.2,0.31,0.19,0.22,0.29,0.27,0.34,0.22,0.28,0.32,0.3,0.21,0.28,0.23,0.33,0.24,0.44,0.21,0.36,0.21,0.21,0.16,0.22,0.28,0.21,0.27,0.22,0.25,0.98,0.32,0.37,0.25,0.17,0.21,0.19,0.19,0.29,0.22,0.22,0.41,0.19,0.23,0.2,0.16,0.22,0.34,0.22,0.36,0.26,0.2,0.3,0.26,0.35,0.32,0.19,0.3,0.28,0.27,0.34,0.2,0.32,0.14,0.31,0.17,0.2,0.22,0.21,0.29,0.29,0.29,0.19,0.19,0.22,0.27,0.13,0.22,0.58,0.57,0.25,0.22,0.32,0.3,0.28,0.22,0.22,0.33,0.17,0.29,0.21,0.54,0.24,0.24,0.17,0.28,0.32,0.32,0.24,0.24,0.23,0.22,0.19,0.13,0.37,0.33,0.32,0.28,0.33,0.16,0.23,0.22,0.16,0.4,0.32,0.22,0.19,0.23,0.29,0.33,1.0,0.27,0.24,0.37,0.29,0.27,0.32,0.29,0.24,0.27,0.22,0.24,0.27,0.46
740635,0.52,0.7,0.7,0.29,0.25,0.29,0.27,0.55,0.45,0.41,0.15,0.41,0.28,0.42,0.24,0.27,0.41,0.43,0.7,0.22,0.38,0.21,0.19,0.41,0.98,0.8,0.37,0.56,0.27,0.36,0.38,0.65,0.35,0.26,0.19,0.19,0.22,0.43,0.4,0.15,0.85,0.21,1.0,0.46,0.85,0.1,0.26,0.4,0.4,0.33,0.66,0.32,0.47,0.39,0.43,0.33,0.66,0.41,0.11,0.26,0.98,0.6,0.28,0.29,0.36,0.29,0.14,0.26,0.39,0.43,0.55,0.44,0.47,0.39,0.18,0.36,0.87,0.34,0.3,0.39,0.3,0.35,0.37,0.49,0.34,0.43,0.7,0.26,0.73,0.37,0.4,0.82,0.4,0.26,0.31,0.3,0.32,0.46,0.22,0.43,0.67,0.27,0.41,0.67,0.98,0.31,0.15,0.36,0.27,0.45,0.43,0.43,0.81,0.36,0.41,0.51,0.29,0.3,0.26,0.43,0.82,0.34,0.39,0.34,0.43,0.14,0.44,0.48,0.31,0.36,0.76,0.26,0.66,0.64,0.14,0.34,0.32,0.58,0.43,0.4,0.44,0.35,0.75,0.46,0.13,0.41,0.27,0.25,0.43,0.27,0.23,0.27,0.65,0.64,0.41,0.33,0.41,0.84,0.26,0.25,0.27,0.41,0.28,0.27,0.87,0.35,0.45,0.34,0.27,0.3,0.66,0.45,0.5,0.36,0.23,0.59,0.26,0.38,0.21,0.21,0.29,0.7,0.43,0.31,0.9,0.38,0.42,0.15,0.7,0.36,0.21,0.27,1.0,0.57,0.78,0.73,0.77,0.7,0.85,0.56,0.67,0.57,0.41,0.38,0.52
776320,0.43,0.48,0.48,0.33,0.18,0.6,0.39,0.45,0.42,0.55,0.33,0.54,0.34,0.53,0.48,0.21,0.54,0.41,0.47,0.29,0.48,0.3,0.21,0.55,0.57,0.54,0.42,0.28,0.43,0.4,0.48,0.47,0.51,0.34,0.21,0.21,0.29,0.56,0.44,0.19,0.64,0.27,0.57,0.38,0.64,0.13,0.33,0.51,0.51,0.43,0.44,0.36,0.45,0.46,0.39,0.41,0.44,0.54,0.18,0.33,0.67,0.49,0.48,0.24,0.49,0.63,0.19,0.33,0.47,0.41,0.43,0.38,0.57,0.5,0.28,0.48,0.52,0.43,0.39,0.46,0.47,0.39,0.47,0.53,0.42,0.39,0.48,0.33,0.53,0.39,0.4,0.62,0.4,0.33,0.39,0.47,0.43,0.41,0.27,0.56,0.49,0.24,0.47,0.33,0.57,0.65,0.14,0.48,0.46,0.42,0.56,0.56,0.57,0.48,0.46,0.45,0.27,0.47,0.34,0.56,0.62,0.37,0.5,0.44,0.41,0.19,0.45,0.38,0.38,0.49,0.56,0.34,0.44,0.52,0.2,0.44,0.36,0.44,0.56,0.51,0.4,0.42,0.51,0.39,0.13,0.55,0.32,0.25,0.56,0.21,0.23,0.39,0.47,0.52,0.48,0.41,0.55,0.52,0.33,0.3,0.44,0.53,0.22,0.33,0.52,0.45,0.43,0.38,0.43,0.4,0.44,0.58,0.37,0.48,0.3,0.48,0.33,0.48,0.38,0.31,0.27,0.48,0.56,0.35,0.6,0.48,0.53,0.36,0.48,0.39,0.31,0.24,0.57,1.0,0.76,0.42,0.41,0.47,0.46,0.91,0.48,0.56,0.35,0.35,0.44
776260,0.65,0.67,0.67,0.67,0.23,0.49,0.48,0.6,0.45,0.5,0.48,0.52,0.82,0.48,0.55,0.33,0.52,0.55,0.71,0.24,0.48,0.28,0.28,0.5,0.78,0.63,0.6,0.39,0.36,0.4,0.48,0.7,0.68,0.32,0.28,0.28,0.38,0.49,0.54,0.37,0.71,0.3,0.78,0.44,0.71,0.29,0.31,0.46,0.51,0.59,0.61,0.46,0.47,0.47,0.4,0.43,0.61,0.52,0.15,0.31,0.78,0.68,0.35,0.33,0.71,0.67,0.19,0.31,0.46,0.55,0.63,0.49,0.61,0.47,0.28,0.46,0.72,0.45,0.37,0.47,0.48,0.39,0.48,0.56,0.42,0.53,0.67,0.31,0.68,0.47,0.49,0.7,0.49,0.32,0.61,0.48,0.74,0.6,0.33,0.49,0.67,0.37,0.46,0.47,0.78,0.69,0.4,0.46,0.38,0.45,0.49,0.49,0.68,0.46,0.52,0.54,0.5,0.48,0.32,0.49,0.7,0.38,0.47,0.44,0.55,0.19,0.48,0.51,0.44,0.67,0.65,0.32,0.61,0.63,0.32,0.85,0.46,0.66,0.49,0.46,0.56,0.45,0.66,0.56,0.35,0.5,0.29,0.28,0.49,0.33,0.3,0.48,0.7,0.63,0.49,0.43,0.49,0.72,0.31,0.34,0.44,0.47,0.28,0.35,0.72,0.45,0.57,0.48,0.36,0.35,0.61,0.52,0.51,0.46,0.27,0.61,0.31,0.48,0.25,0.37,0.5,0.67,0.49,0.46,0.68,0.48,0.48,0.37,0.67,0.43,0.37,0.37,0.78,0.76,1.0,0.23,0.24,0.29,0.33,0.32,0.25,0.25,0.21,0.21,0.27
740359,0.41,0.56,0.56,0.24,0.28,0.27,0.27,0.42,0.48,0.43,0.15,0.43,0.23,0.45,0.22,0.27,0.43,0.33,0.55,0.22,0.42,0.26,0.19,0.43,0.73,0.83,0.28,0.58,0.27,0.37,0.42,0.53,0.27,0.29,0.19,0.19,0.24,0.42,0.38,0.16,0.78,0.3,0.73,0.51,0.78,0.11,0.28,0.43,0.42,0.32,0.63,0.31,0.47,0.36,0.45,0.31,0.63,0.43,0.12,0.28,0.92,0.45,0.27,0.31,0.28,0.28,0.16,0.28,0.42,0.33,0.46,0.38,0.46,0.41,0.21,0.39,0.66,0.32,0.31,0.36,0.3,0.36,0.4,0.48,0.34,0.36,0.56,0.28,0.62,0.35,0.35,0.8,0.35,0.29,0.3,0.3,0.32,0.34,0.24,0.42,0.47,0.29,0.42,0.7,0.73,0.3,0.17,0.39,0.25,0.48,0.42,0.42,0.81,0.39,0.44,0.4,0.24,0.3,0.29,0.42,0.8,0.37,0.41,0.36,0.33,0.16,0.47,0.41,0.29,0.35,0.76,0.29,0.52,0.63,0.17,0.34,0.31,0.43,0.42,0.43,0.34,0.39,0.6,0.39,0.12,0.43,0.29,0.24,0.42,0.27,0.23,0.27,0.53,0.63,0.42,0.31,0.44,0.66,0.28,0.27,0.27,0.4,0.33,0.3,0.66,0.32,0.35,0.32,0.27,0.33,0.63,0.44,0.41,0.39,0.24,0.63,0.28,0.42,0.23,0.21,0.24,0.56,0.42,0.25,0.9,0.42,0.45,0.17,0.56,0.36,0.21,0.29,0.73,0.42,0.23,1.0,0.58,0.42,0.56,0.38,0.53,0.46,0.28,0.26,0.36
738635,0.41,0.55,0.55,0.23,0.25,0.27,0.26,0.42,0.45,0.39,0.15,0.39,0.22,0.4,0.22,0.27,0.39,0.33,0.56,0.22,0.37,0.2,0.19,0.39,0.74,0.8,0.28,0.56,0.25,0.34,0.37,0.52,0.27,0.26,0.19,0.19,0.22,0.41,0.38,0.15,0.78,0.21,0.77,0.5,0.78,0.1,0.26,0.38,0.38,0.32,0.66,0.3,0.46,0.36,0.43,0.31,0.66,0.39,0.11,0.26,0.94,0.45,0.27,0.29,0.28,0.27,0.14,0.26,0.37,0.33,0.49,0.39,0.44,0.36,0.18,0.34,0.69,0.32,0.28,0.36,0.29,0.33,0.35,0.47,0.32,0.35,0.55,0.26,0.62,0.35,0.31,0.79,0.31,0.26,0.29,0.29,0.31,0.35,0.22,0.41,0.49,0.27,0.39,0.67,0.74,0.3,0.15,0.34,0.25,0.45,0.41,0.41,0.81,0.34,0.41,0.39,0.23,0.29,0.26,0.41,0.79,0.33,0.36,0.33,0.33,0.14,0.42,0.41,0.29,0.34,0.73,0.26,0.53,0.67,0.14,0.33,0.3,0.44,0.41,0.38,0.34,0.33,0.6,0.41,0.13,0.39,0.27,0.24,0.41,0.27,0.23,0.26,0.52,0.67,0.38,0.31,0.39,0.66,0.26,0.25,0.26,0.39,0.28,0.26,0.72,0.32,0.34,0.32,0.25,0.3,0.66,0.43,0.41,0.34,0.22,0.63,0.26,0.37,0.21,0.21,0.23,0.55,0.41,0.25,0.85,0.37,0.4,0.15,0.55,0.34,0.21,0.27,0.77,0.41,0.24,0.58,1.0,0.58,0.77,0.54,0.74,0.58,0.37,0.33,0.51
741223,0.67,0.77,0.77,0.29,0.32,0.31,0.27,0.58,0.49,0.48,0.22,0.5,0.28,0.46,0.26,0.33,0.5,0.46,0.7,0.22,0.47,0.26,0.26,0.48,0.7,0.56,0.37,0.75,0.31,0.37,0.47,0.7,0.36,0.42,0.26,0.26,0.36,0.49,0.37,0.26,0.65,0.3,0.7,0.34,0.65,0.16,0.41,0.44,0.47,0.34,0.44,0.31,0.38,0.39,0.36,0.37,0.44,0.5,0.19,0.41,0.9,0.59,0.31,0.33,0.38,0.37,0.26,0.41,0.44,0.46,0.73,0.39,0.5,0.42,0.31,0.44,0.64,0.36,0.42,0.39,0.3,0.36,0.42,0.49,0.41,0.45,0.77,0.41,0.59,0.37,0.49,0.8,0.49,0.4,0.36,0.3,0.34,0.47,0.31,0.49,0.63,0.32,0.42,0.77,0.7,0.4,0.21,0.44,0.27,0.49,0.49,0.49,0.78,0.44,0.4,0.49,0.29,0.3,0.42,0.49,0.8,0.36,0.42,0.34,0.46,0.26,0.44,0.35,0.33,0.36,0.61,0.42,0.73,0.73,0.14,0.35,0.31,0.69,0.49,0.44,0.43,0.39,0.91,0.59,0.16,0.48,0.44,0.26,0.49,0.33,0.3,0.27,0.7,0.73,0.43,0.37,0.44,0.64,0.41,0.38,0.33,0.46,0.33,0.31,0.66,0.33,0.46,0.37,0.31,0.46,0.44,0.52,0.7,0.44,0.25,0.59,0.41,0.47,0.23,0.21,0.29,0.77,0.49,0.3,0.85,0.47,0.46,0.25,0.77,0.34,0.21,0.32,0.7,0.47,0.29,0.42,0.58,1.0,0.53,0.45,0.44,0.4,0.3,0.31,0.33
741373,0.57,0.79,0.79,0.34,0.23,0.3,0.29,0.46,0.49,0.46,0.18,0.46,0.34,0.45,0.31,0.25,0.46,0.48,0.64,0.2,0.43,0.23,0.19,0.46,0.85,0.78,0.41,0.61,0.27,0.39,0.43,0.71,0.4,0.29,0.19,0.19,0.24,0.43,0.5,0.16,0.76,0.21,0.85,0.47,0.76,0.11,0.28,0.43,0.45,0.32,0.68,0.39,0.62,0.49,0.43,0.41,0.68,0.46,0.12,0.28,0.9,0.58,0.29,0.29,0.39,0.33,0.18,0.28,0.41,0.48,0.52,0.49,0.53,0.43,0.21,0.38,0.8,0.43,0.31,0.49,0.34,0.38,0.42,0.51,0.36,0.49,0.79,0.28,0.72,0.42,0.42,0.86,0.43,0.27,0.35,0.34,0.39,0.55,0.24,0.43,0.63,0.29,0.44,0.7,0.85,0.33,0.17,0.38,0.28,0.49,0.43,0.43,0.76,0.38,0.49,0.51,0.34,0.34,0.29,0.43,0.86,0.37,0.43,0.36,0.48,0.18,0.45,0.49,0.37,0.39,0.76,0.29,0.67,0.65,0.14,0.42,0.39,0.55,0.43,0.43,0.48,0.39,0.73,0.44,0.14,0.46,0.27,0.32,0.43,0.25,0.2,0.29,0.71,0.65,0.42,0.41,0.44,0.8,0.28,0.25,0.27,0.41,0.28,0.31,0.78,0.32,0.49,0.47,0.27,0.31,0.68,0.45,0.49,0.38,0.29,0.63,0.28,0.43,0.23,0.21,0.34,0.79,0.43,0.32,0.85,0.43,0.45,0.15,0.79,0.42,0.21,0.29,0.85,0.46,0.33,0.56,0.77,0.53,1.0,0.48,0.75,0.53,0.4,0.39,0.55
776126,0.51,0.57,0.57,0.29,0.16,0.57,0.37,0.41,0.42,0.48,0.3,0.44,0.32,0.47,0.47,0.17,0.44,0.38,0.54,0.33,0.4,0.26,0.21,0.48,0.56,0.53,0.39,0.28,0.43,0.37,0.4,0.55,0.48,0.29,0.21,0.21,0.24,0.48,0.44,0.24,0.6,0.27,0.56,0.36,0.6,0.15,0.31,0.45,0.44,0.42,0.42,0.32,0.41,0.46,0.39,0.42,0.42,0.44,0.22,0.31,0.67,0.46,0.43,0.24,0.47,0.58,0.14,0.31,0.41,0.38,0.46,0.36,0.54,0.44,0.28,0.41,0.51,0.41,0.37,0.46,0.43,0.35,0.4,0.48,0.39,0.36,0.57,0.31,0.45,0.39,0.35,0.62,0.35,0.32,0.35,0.43,0.39,0.37,0.22,0.48,0.48,0.24,0.41,0.33,0.56,0.59,0.18,0.41,0.45,0.42,0.48,0.48,0.59,0.41,0.4,0.41,0.27,0.43,0.29,0.48,0.62,0.33,0.44,0.43,0.38,0.14,0.42,0.35,0.38,0.47,0.56,0.29,0.55,0.59,0.17,0.41,0.32,0.53,0.48,0.45,0.38,0.36,0.47,0.41,0.14,0.48,0.24,0.25,0.48,0.17,0.18,0.37,0.55,0.59,0.43,0.42,0.48,0.51,0.31,0.3,0.44,0.46,0.2,0.29,0.53,0.41,0.4,0.34,0.43,0.38,0.42,0.51,0.43,0.41,0.27,0.46,0.31,0.4,0.43,0.31,0.27,0.57,0.48,0.33,0.57,0.4,0.47,0.36,0.57,0.38,0.31,0.24,0.56,0.91,0.32,0.38,0.54,0.45,0.48,1.0,0.28,0.32,0.21,0.21,0.29
722070,0.48,0.65,0.65,0.33,0.21,0.33,0.27,0.42,0.83,0.49,0.16,0.48,0.32,0.47,0.28,0.23,0.48,0.46,0.61,0.22,0.43,0.25,0.21,0.49,0.67,0.71,0.43,0.58,0.28,0.43,0.43,0.61,0.4,0.32,0.21,0.21,0.27,0.48,0.43,0.15,0.73,0.21,0.67,0.56,0.73,0.12,0.31,0.45,0.47,0.33,0.61,0.36,1.0,0.41,0.43,0.35,0.61,0.48,0.14,0.31,0.86,0.59,0.32,0.26,0.35,0.36,0.16,0.31,0.42,0.46,0.51,0.65,0.49,0.45,0.21,0.4,0.61,0.36,0.33,0.41,0.35,0.42,0.43,0.55,0.39,0.46,0.65,0.31,0.61,0.42,0.35,0.77,0.35,0.28,0.31,0.35,0.36,0.55,0.24,0.48,0.58,0.27,0.47,0.67,0.67,0.36,0.17,0.4,0.3,0.83,0.48,0.48,0.73,0.4,0.5,0.49,0.33,0.35,0.32,0.48,0.77,0.4,0.45,0.39,0.46,0.16,0.45,0.57,0.33,0.41,0.69,0.32,0.6,0.61,0.14,0.39,0.36,0.5,0.48,0.45,0.41,0.39,0.57,0.45,0.13,0.49,0.29,0.3,0.48,0.23,0.2,0.27,0.61,0.61,0.44,0.35,0.48,0.61,0.31,0.25,0.3,0.46,0.26,0.36,0.61,0.35,0.47,0.39,0.28,0.32,0.61,0.51,0.4,0.4,0.35,0.59,0.31,0.43,0.25,0.23,0.33,0.65,0.48,0.33,0.78,0.43,0.47,0.17,0.65,0.38,0.23,0.27,0.67,0.48,0.25,0.53,0.74,0.44,0.75,0.28,1.0,0.46,0.37,0.32,0.4
748763,0.41,0.47,0.47,0.27,0.19,0.39,0.27,0.52,0.42,0.95,0.16,0.8,0.26,0.93,0.29,0.25,0.93,0.4,0.47,0.22,0.82,0.32,0.26,0.95,0.57,0.56,0.38,0.31,0.33,0.7,0.82,0.46,0.36,0.58,0.26,0.26,0.47,0.98,0.44,0.19,0.71,0.27,0.57,0.36,0.71,0.15,0.44,1.0,0.91,0.33,0.48,0.46,0.46,0.46,0.48,0.41,0.48,0.93,0.16,0.44,0.69,0.47,0.39,0.26,0.34,0.41,0.18,0.44,1.0,0.4,0.43,0.38,0.59,0.98,0.51,0.72,0.52,0.43,0.6,0.46,0.38,0.68,0.97,0.84,0.69,0.41,0.47,0.44,0.54,0.39,0.64,0.61,0.64,0.49,0.35,0.38,0.37,0.44,0.47,0.98,0.48,0.22,0.81,0.37,0.57,0.45,0.12,0.72,0.34,0.42,0.98,0.98,0.59,0.72,0.7,0.42,0.27,0.38,0.58,0.98,0.61,0.63,0.98,0.44,0.4,0.18,0.69,0.39,0.38,0.42,0.6,0.58,0.44,0.52,0.15,0.36,0.46,0.42,0.98,1.0,0.42,0.86,0.53,0.39,0.14,0.95,0.49,0.24,0.98,0.25,0.25,0.27,0.46,0.52,0.57,0.41,0.88,0.52,0.44,0.29,0.34,0.99,0.22,0.65,0.52,0.35,0.41,0.4,0.33,0.48,0.48,0.9,0.37,0.72,0.35,0.48,0.44,0.82,0.21,0.19,0.27,0.47,0.98,0.32,0.62,0.82,0.93,0.22,0.47,0.37,0.19,0.22,0.57,0.56,0.25,0.46,0.58,0.4,0.53,0.32,0.46,1.0,0.55,0.48,0.43
691119,0.33,0.37,0.37,0.22,0.21,0.24,0.27,0.32,0.46,0.61,0.18,0.8,0.21,0.52,0.18,0.23,0.93,0.28,0.36,0.15,0.82,0.2,0.19,0.61,0.41,0.36,0.28,0.36,0.33,0.81,0.82,0.38,0.25,0.55,0.19,0.19,0.47,0.59,0.27,0.19,0.42,0.27,0.41,0.23,0.42,0.16,0.51,0.55,0.91,0.32,0.3,0.39,0.37,0.29,0.31,0.24,0.3,0.93,0.16,0.51,0.71,0.35,0.25,0.24,0.24,0.27,0.19,0.51,0.81,0.28,0.34,0.33,0.59,0.57,0.33,0.41,0.37,0.26,0.57,0.29,0.24,0.8,0.83,0.51,0.38,0.3,0.37,0.51,0.39,0.44,0.43,0.64,0.43,0.26,0.24,0.24,0.37,0.32,0.47,0.59,0.35,0.24,0.98,0.43,0.41,0.28,0.15,0.41,0.22,0.46,0.59,0.59,0.57,0.41,0.44,0.34,0.22,0.24,0.55,0.59,0.64,0.78,0.57,0.48,0.28,0.19,0.69,0.3,0.24,0.43,0.37,0.55,0.33,0.54,0.14,0.37,0.39,0.34,0.59,0.55,0.3,0.74,0.4,0.32,0.15,0.61,0.51,0.17,0.59,0.23,0.25,0.27,0.38,0.54,0.34,0.24,0.54,0.37,0.51,0.16,0.34,0.56,0.26,0.64,0.37,0.23,0.29,0.27,0.33,0.31,0.3,0.56,0.3,0.41,0.25,0.63,0.51,0.82,0.21,0.15,0.22,0.37,0.59,0.25,0.62,0.82,0.52,0.2,0.37,0.26,0.15,0.24,0.41,0.35,0.21,0.28,0.37,0.3,0.4,0.21,0.37,0.55,1.0,0.82,0.38
691288,0.33,0.33,0.33,0.22,0.25,0.24,0.27,0.34,0.42,0.52,0.24,0.67,0.21,0.45,0.21,0.27,0.8,0.32,0.34,0.27,0.7,0.21,0.19,0.52,0.38,0.32,0.26,0.31,0.36,0.7,0.7,0.35,0.26,0.39,0.19,0.19,0.38,0.52,0.35,0.24,0.38,0.33,0.38,0.22,0.38,0.17,0.36,0.48,0.78,0.36,0.3,0.31,0.32,0.36,0.29,0.31,0.3,0.8,0.18,0.36,0.67,0.37,0.26,0.31,0.24,0.31,0.26,0.36,0.71,0.32,0.35,0.33,0.61,0.49,0.31,0.45,0.35,0.32,0.64,0.36,0.25,0.68,0.72,0.42,0.41,0.34,0.33,0.36,0.37,0.44,0.4,0.61,0.4,0.24,0.24,0.25,0.37,0.33,0.62,0.52,0.37,0.27,0.85,0.37,0.38,0.32,0.22,0.45,0.23,0.42,0.52,0.52,0.51,0.45,0.36,0.35,0.23,0.25,0.39,0.52,0.61,0.64,0.49,0.48,0.32,0.26,0.61,0.3,0.29,0.42,0.34,0.39,0.31,0.52,0.17,0.36,0.31,0.33,0.52,0.48,0.34,0.64,0.41,0.33,0.2,0.52,0.37,0.18,0.52,0.27,0.25,0.27,0.35,0.52,0.37,0.31,0.51,0.35,0.36,0.22,0.37,0.49,0.3,0.54,0.35,0.23,0.33,0.3,0.36,0.29,0.3,0.48,0.32,0.45,0.24,0.61,0.36,0.7,0.19,0.25,0.23,0.33,0.52,0.25,0.57,0.7,0.45,0.24,0.33,0.28,0.25,0.27,0.38,0.35,0.21,0.26,0.33,0.31,0.39,0.21,0.32,0.48,0.82,1.0,0.44
779634,0.4,0.43,0.43,0.3,0.28,0.35,0.29,0.39,0.34,0.45,0.22,0.43,0.29,0.45,0.38,0.4,0.43,0.63,0.42,0.27,0.37,0.23,0.38,0.45,0.52,0.49,0.36,0.25,0.4,0.34,0.37,0.43,0.39,0.24,0.38,0.38,0.24,0.46,0.92,0.18,0.56,0.24,0.52,0.34,0.56,0.12,0.21,0.43,0.42,0.3,0.51,0.36,0.4,1.0,0.32,0.77,0.51,0.43,0.16,0.21,0.65,0.47,0.42,0.33,0.34,0.35,0.3,0.21,0.39,0.63,0.36,0.35,0.67,0.42,0.18,0.37,0.47,0.78,0.37,0.96,0.39,0.33,0.38,0.48,0.39,0.49,0.43,0.21,0.44,0.65,0.32,0.61,0.32,0.26,0.35,0.39,0.39,0.39,0.29,0.46,0.46,0.46,0.39,0.3,0.52,0.37,0.15,0.37,0.4,0.34,0.46,0.46,0.51,0.37,0.41,0.41,0.27,0.39,0.24,0.46,0.61,0.3,0.42,0.39,0.63,0.3,0.42,0.34,0.66,0.39,0.5,0.24,0.4,0.54,0.15,0.41,0.36,0.41,0.46,0.43,0.52,0.33,0.43,0.33,0.14,0.45,0.2,0.23,0.46,0.4,0.39,0.29,0.43,0.54,0.43,0.77,0.45,0.47,0.21,0.27,0.4,0.44,0.35,0.27,0.47,0.32,0.54,0.45,0.4,0.3,0.51,0.48,0.35,0.37,0.23,0.43,0.21,0.37,0.17,0.23,0.27,0.43,0.46,0.28,0.53,0.37,0.45,0.14,0.43,0.72,0.23,0.46,0.52,0.44,0.27,0.36,0.51,0.33,0.55,0.29,0.4,0.43,0.38,0.44,1.0
